7673	1
867	2
2093	3
6668	4
6116	5
7177	6
5893	7
6776	8
2731	9
3291	10
6134	11
2664	12
5292	13
6516	14
8199	15
4284	16
7935	17
3581	18
2577	19
4659	20
600	21
5446	22
5500	23
7028	24
7122	25
4785	26
5073	27
285	28
4422	29
7054	30
9531	31
226	32
8	33
2724	34
1478	35
6021	36
958	37
5652	38
402	39
5891	40
138	41
282	42
8445	43
3960	44
8425	45
1986	46
3317	47
200	48
7444	49
4736	50
2947	51
2938	52
2963	53
706	54
1347	55
1715	56
8111	57
9373	58
503	59
3231	60
2948	61
8701	62
5129	63
4085	64
9453	65
4761	66
5437	67
3914	68
182	69
5800	70
9546	71
1244	72
694	73
7227	74
375	75
9549	76
8059	77
9552	78
6847	79
5221	80
772	81
2144	82
8014	83
5406	84
6663	85
9550	86
6289	87
5728	88
6157	89
5344	90
3215	91
1611	92
1806	93
5402	94
8899	95
9107	96
9632	97
231	98
9635	99
9634	100
4379	101
8979	102
4269	103
1898	104
5155	105
8284	106
7434	107
6669	108
2548	109
218	110
6268	111
1448	112
6324	113
1659	114
7533	115
94	116
3651	117
9595	118
7157	119
3664	120
6146	121
1055	122
1282	123
944	124
3889	125
378	126
3948	127
988	128
8121	129
1120	130
5953	131
6923	132
7285	133
9095	134
9374	135
1012	136
7384	137
331	138
2403	139
4458	140
4898	141
9353	142
8289	143
5581	144
3643	145
3992	146
2827	147
9626	148
7083	149
1695	150
3059	151
6140	152
3820	153
396	154
8084	155
3308	156
5051	157
1080	158
3259	159
6918	160
4147	161
4484	162
2666	163
2654	164
1234	165
6169	166
2018	167
4361	168
2591	169
1161	170
3051	171
4972	172
1398	173
701	174
6990	175
9043	176
3224	177
106	178
5803	179
4939	180
438	181
1877	182
638	183
3910	184
6238	185
2340	186
5810	187
5978	188
8832	189
6300	190
4711	191
6070	192
8348	193
5189	194
187	195
2066	196
186	197
3790	198
3401	199
5235	200
1704	201
9474	202
4486	203
1881	204
8481	205
6235	206
597	207
4751	208
7097	209
5144	210
1265	211
2109	212
8	213
7319	214
4872	215
4793	216
8063	217
6184	218
7991	219
7254	220
9013	221
7493	222
534	223
6983	224
7849	225
5522	226
1723	227
7751	228
249	229
3587	230
5210	231
1298	232
6426	233
9647	234
614	235
2999	236
6693	237
7791	238
173	239
9265	240
201	241
1541	242
8102	243
6811	244
6695	245
7334	246
52	247
1692	248
5533	249
5242	250
5573	251
323	252
7332	253
7488	254
3736	255
6620	256
5016	257
1670	258
4385	259
6785	260
7588	261
4588	262
7428	263
7532	264
7806	265
1603	266
9587	267
8970	268
8809	269
6966	270
1208	271
2172	272
7508	273
5255	274
3623	275
9476	276
8308	277
9005	278
8447	279
9427	280
7805	281
6203	282
1955	283
7461	284
2346	285
2213	286
8900	287
5281	288
5418	289
7114	290
5703	291
7984	292
6815	293
6386	294
9379	295
8595	296
2007	297
2128	298
8588	299
5433	300
1218	301
9253	302
6954	303
1493	304
2987	305
4680	306
5697	307
3977	308
3140	309
2683	310
260	311
9578	312
5230	313
6796	314
9432	315
7857	316
2328	317
74	318
5877	319
4779	320
3799	321
4265	322
3265	323
5520	324
7881	325
8338	326
8091	327
4282	328
6931	329
2397	330
3288	331
8875	332
903	333
7911	334
5329	335
2101	336
4153	337
4472	338
3184	339
6364	340
1042	341
178	342
1937	343
8943	344
4115	345
5794	346
2338	347
1586	348
1383	349
131	350
2001	351
8945	352
1232	353
1602	354
204	355
4529	356
5159	357
4942	358
8436	359
5903	360
5844	361
3114	362
8741	363
3884	364
8382	365
7725	366
2104	367
219	368
9302	369
2277	370
4205	371
2757	372
9472	373
7679	374
257	375
5158	376
3871	377
4307	378
5095	379
3708	380
5545	381
1384	382
3320	383
9039	384
8125	385
5741	386
1408	387
3103	388
2326	389
1336	390
2191	391
8759	392
1027	393
3109	394
8462	395
8978	396
1284	397
7798	398
3304	399
8169	400
1062	401
5981	402
677	403
3740	404
7231	405
3606	406
2450	407
8240	408
3815	409
2390	410
7380	411
3780	412
9031	413
5676	414
8706	415
2003	416
4849	417
2979	418
2332	419
3706	420
4969	421
1592	422
3047	423
4824	424
7116	425
2789	426
2098	427
1443	428
3611	429
8466	430
1169	431
7197	432
4434	433
8587	434
5819	435
337	436
329	437
6227	438
3506	439
1947	440
1530	441
1231	442
2195	443
3388	444
9229	445
425	446
5212	447
4073	448
1858	449
6907	450
292	451
5234	452
4537	453
2473	454
7895	455
715	456
1776	457
6093	458
485	459
5815	460
8842	461
4287	462
7489	463
3024	464
7153	465
4896	466
5989	467
8831	468
7067	469
8327	470
7892	471
6047	472
1722	473
1455	474
2510	475
909	476
7642	477
1071	478
5085	479
854	480
4580	481
2571	482
7724	483
2603	484
38	485
3781	486
6750	487
2148	488
310	489
7154	490
5246	491
453	492
507	493
6856	494
6321	495
913	496
830	497
1142	498
5608	499
713	500
4577	501
9003	502
4874	503
7089	504
2392	505
2959	506
9511	507
5798	508
5589	509
6095	510
1651	511
133	512
341	513
9530	514
108	515
4675	516
2033	517
1795	518
2069	519
8480	520
252	521
8678	522
2056	523
9528	524
9260	525
2779	526
6928	527
1306	528
6415	529
3322	530
3447	531
3595	532
508	533
5980	534
2051	535
6528	536
242	537
7719	538
7464	539
5521	540
8552	541
2077	542
5389	543
8934	544
8345	545
8459	546
8561	547
4762	548
287	549
1000	550
5610	551
9195	552
573	553
179	554
7121	555
494	556
8311	557
743	558
9113	559
563	560
8814	561
5330	562
7086	563
3366	564
8792	565
8036	566
8602	567
1211	568
6694	569
3771	570
3292	571
5091	572
9271	573
7748	574
9565	575
6181	576
228	577
2569	578
1065	579
5841	580
5602	581
8175	582
3327	583
7379	584
9086	585
1468	586
1665	587
6589	588
7077	589
2165	590
6484	591
6044	592
2407	593
8	594
5357	595
8251	596
7586	597
7170	598
2982	599
4888	600
7104	601
7043	602
536	603
1694	604
7731	605
5688	606
3125	607
4392	608
3403	609
6018	610
8426	611
8746	612
2428	613
7448	614
7066	615
8050	616
8416	617
279	618
2207	619
4381	620
275	621
3441	622
4256	623
3333	624
1775	625
5613	626
1745	627
4339	628
509	629
4463	630
9019	631
510	632
7013	633
2327	634
7420	635
8030	636
2485	637
3186	638
7705	639
3796	640
6700	641
1573	642
699	643
2474	644
5781	645
7303	646
9056	647
4621	648
6563	649
7716	650
234	651
11	652
8344	653
6053	654
7025	655
3180	656
41	657
5516	658
1005	659
100	660
1046	661
7070	662
1276	663
4721	664
8317	665
9091	666
6757	667
1727	668
1103	669
1508	670
7665	671
5503	672
3474	673
7427	674
1273	675
745	676
3512	677
55	678
6947	679
935	680
6448	681
7274	682
232	683
7436	684
400	685
2962	686
1482	687
5107	688
6567	689
9641	690
8297	691
8611	692
5231	693
7255	694
6665	695
3742	696
4035	697
5674	698
9032	699
9520	700
1310	701
2745	702
3223	703
7336	704
4125	705
2440	706
580	707
8905	708
3510	709
731	710
7331	711
2258	712
3278	713
9382	714
4923	715
5765	716
1823	717
3700	718
897	719
5386	720
5239	721
7031	722
6133	723
3898	724
44	725
7766	726
99	727
4572	728
1568	729
6241	730
7542	731
4679	732
2699	733
2835	734
8724	735
576	736
8429	737
5350	738
777	739
9455	740
9640	741
5461	742
1542	743
7149	744
7335	745
9350	746
9201	747
7589	748
4856	749
5553	750
7102	751
1983	752
3132	753
8992	754
9623	755
5733	756
7929	757
8885	758
306	759
3712	760
81	761
9270	762
4564	763
2471	764
8107	765
1817	766
8474	767
1267	768
6920	769
5717	770
1631	771
1900	772
6834	773
9517	774
126	775
1886	776
1407	777
9352	778
2809	779
1494	780
759	781
8006	782
1574	783
8394	784
5117	785
7215	786
1292	787
367	788
6177	789
5154	790
2232	791
3355	792
4854	793
6641	794
3380	795
1214	796
8133	797
1551	798
8352	799
318	800
4227	801
3949	802
184	803
3566	804
9230	805
8584	806
8450	807
7656	808
406	809
7757	810
2114	811
4526	812
8890	813
6279	814
9025	815
6525	816
6320	817
6375	818
5561	819
442	820
6818	821
4040	822
8471	823
8237	824
1980	825
7711	826
7974	827
7695	828
8600	829
1034	830
1868	831
9160	832
2911	833
8882	834
2448	835
1274	836
4318	837
4261	838
9545	839
6726	840
5131	841
7359	842
9362	843
314	844
142	845
4949	846
3881	847
5201	848
377	849
343	850
8927	851
5109	852
3532	853
5784	854
72	855
9047	856
9207	857
9534	858
6940	859
2445	860
6914	861
6611	862
8546	863
4015	864
8380	865
8567	866
5942	867
7544	868
613	869
9603	870
4533	871
3859	872
1	873
2206	874
122	875
7768	876
670	877
4709	878
8010	879
2171	880
1152	881
6790	882
4084	883
6171	884
6199	885
2818	886
5112	887
7592	888
357	889
1442	890
9462	891
7269	892
9551	893
8181	894
3382	895
4267	896
75	897
3920	898
1115	899
9158	900
3173	901
2053	902
290	903
9593	904
1521	905
9287	906
748	907
2665	908
9073	909
9146	910
2412	911
4693	912
7859	913
8702	914
6754	915
3390	916
3010	917
6233	918
7338	919
5605	920
463	921
5789	922
4727	923
4031	924
5218	925
5169	926
9485	927
273	928
6246	929
1889	930
6299	931
1535	932
6025	933
4076	934
4378	935
685	936
5431	937
6699	938
6927	939
162	940
5267	941
8770	942
3658	943
3318	944
8667	945
8615	946
1225	947
7279	948
498	949
3419	950
8604	951
2657	952
8422	953
8522	954
7819	955
9342	956
1380	957
7901	958
1514	959
90	960
6033	961
248	962
2150	963
298	964
10	965
6030	966
1699	967
8118	968
6355	969
22	970
4864	971
1268	972
7862	973
8531	974
6022	975
2216	976
2100	977
8974	978
6751	979
5668	980
1714	981
9553	982
7985	983
2325	984
1929	985
978	986
9236	987
8176	988
8328	989
9621	990
3	991
7539	992
9392	993
6396	994
2094	995
2614	996
8439	997
3999	998
7107	999
496	1000
9367	1001
3610	1002
7494	1003
6170	1004
8984	1005
1224	1006
3041	1007
2118	1008
8624	1009
1549	1010
9319	1011
9318	1012
493	1013
5732	1014
3399	1015
9620	1016
7095	1017
2178	1018
2631	1019
4237	1020
150	1021
4203	1022
3818	1023
7688	1024
7786	1025
4862	1026
6953	1027
8269	1028
24	1029
2501	1030
2986	1031
795	1032
882	1033
8636	1034
966	1035
9093	1036
1255	1037
3925	1038
9215	1039
5285	1040
9388	1041
2475	1042
2541	1043
8155	1044
3985	1045
291	1046
8710	1047
5439	1048
1710	1049
2671	1050
1975	1051
1246	1052
2294	1053
6230	1054
6113	1055
280	1056
9448	1057
4935	1058
1397	1059
8939	1060
907	1061
2830	1062
1206	1063
1861	1064
8658	1065
4136	1066
3377	1067
3633	1068
3597	1069
3788	1070
6895	1071
8849	1072
2833	1073
7289	1074
5205	1075
7602	1076
8364	1077
5416	1078
5599	1079
2086	1080
9505	1081
1748	1082
1242	1083
3064	1084
1580	1085
1520	1086
3147	1087
6703	1088
2821	1089
9203	1090
2052	1091
7457	1092
288	1093
5474	1094
7369	1095
8355	1096
7423	1097
3174	1098
7155	1099
3895	1100
7740	1101
2696	1102
5963	1103
3800	1104
1014	1105
8235	1106
4241	1107
2776	1108
1345	1109
7581	1110
4321	1111
603	1112
3387	1113
7268	1114
4145	1115
1386	1116
4096	1117
2122	1118
7728	1119
4830	1120
4473	1121
344	1122
3622	1123
9445	1124
4744	1125
9436	1126
5028	1127
9588	1128
8518	1129
9069	1130
4072	1131
999	1132
125	1133
1197	1134
716	1135
7236	1136
6572	1137
8094	1138
7272	1139
7652	1140
7953	1141
2729	1142
7239	1143
9251	1144
623	1145
22	1146
3779	1147
3982	1148
5998	1149
3473	1150
7774	1151
7995	1152
1295	1153
1078	1154
2458	1155
4883	1156
1517	1157
3141	1158
6122	1159
5152	1160
6819	1161
5796	1162
8662	1163
4929	1164
2935	1165
8397	1166
7524	1167
5181	1168
3411	1169
5262	1170
7742	1171
3833	1172
7657	1173
7877	1174
5854	1175
91	1176
4814	1177
2064	1178
8708	1179
883	1180
5672	1181
3909	1182
7253	1183
174	1184
3854	1185
8674	1186
802	1187
304	1188
8954	1189
6802	1190
6028	1191
8938	1192
4900	1193
7058	1194
6383	1195
2399	1196
5478	1197
8639	1198
9425	1199
2308	1200
3584	1201
3928	1202
1772	1203
7146	1204
511	1205
322	1206
5967	1207
4489	1208
4787	1209
5213	1210
2570	1211
5143	1212
1657	1213
5687	1214
5993	1215
3107	1216
911	1217
599	1218
1661	1219
8262	1220
7362	1221
7290	1222
9395	1223
2379	1224
4454	1225
9167	1226
7710	1227
9428	1228
8321	1229
5070	1230
1236	1231
9644	1232
3338	1233
2442	1234
5279	1235
7612	1236
1587	1237
2363	1238
8081	1239
413	1240
640	1241
6166	1242
4202	1243
8434	1244
4062	1245
5271	1246
678	1247
167	1248
3295	1249
7216	1250
3634	1251
2011	1252
9180	1253
1559	1254
9567	1255
232	1256
8821	1257
722	1258
4114	1259
679	1260
7530	1261
403	1262
9564	1263
1379	1264
9501	1265
2337	1266
5142	1267
6236	1268
4828	1269
8843	1270
7659	1271
3281	1272
8730	1273
786	1274
91	1275
6130	1276
4347	1277
6884	1278
512	1279
7830	1280
7084	1281
7260	1282
4496	1283
31	1284
105	1285
6809	1286
3260	1287
2307	1288
163	1289
6730	1290
1466	1291
5397	1292
8618	1293
8307	1294
5014	1295
5064	1296
2793	1297
5081	1298
5180	1299
4163	1300
2500	1301
9576	1302
1760	1303
7385	1304
4310	1305
4542	1306
3267	1307
7571	1308
8786	1309
1967	1310
2643	1311
247	1312
9467	1313
6864	1314
4690	1315
809	1316
8085	1317
5299	1318
188	1319
5284	1320
5597	1321
8253	1322
2247	1323
1798	1324
7958	1325
1690	1326
2876	1327
7345	1328
1974	1329
1750	1330
1953	1331
4336	1332
6221	1333
8113	1334
6555	1335
247	1336
7500	1337
5543	1338
9108	1339
4400	1340
3500	1341
5557	1342
9383	1343
6853	1344
6488	1345
6735	1346
2416	1347
7015	1348
4124	1349
624	1350
3339	1351
1228	1352
8641	1353
7600	1354
3504	1355
6989	1356
194	1357
7046	1358
139	1359
8141	1360
5492	1361
1205	1362
82	1363
9241	1364
7983	1365
6330	1366
221	1367
1658	1368
8089	1369
261	1370
5044	1371
269	1372
4277	1373
83	1374
18	1375
194	1376
2129	1377
443	1378
7640	1379
6817	1380
8303	1381
3479	1382
5646	1383
5915	1384
8933	1385
211	1386
4933	1387
9282	1388
506	1389
6863	1390
718	1391
259	1392
9469	1393
5045	1394
7800	1395
2226	1396
1079	1397
5369	1398
7661	1399
793	1400
1849	1401
2708	1402
7484	1403
6379	1404
6284	1405
4780	1406
9406	1407
8178	1408
9610	1409
5362	1410
6824	1411
1794	1412
4714	1413
35	1414
3218	1415
3271	1416
9138	1417
9653	1418
6660	1419
4938	1420
6792	1421
9184	1422
6011	1423
4090	1424
2954	1425
3516	1426
8371	1427
6626	1428
8691	1429
3864	1430
4638	1431
4930	1432
4951	1433
4934	1434
4925	1435
4927	1436
2607	1437
2395	1438
459	1439
5058	1440
6380	1441
9449	1442
5534	1443
6058	1444
4735	1445
2534	1446
7667	1447
3671	1448
7016	1449
3613	1450
1258	1451
5683	1452
7734	1453
1155	1454
5192	1455
3368	1456
9582	1457
1339	1458
8170	1459
1481	1460
297	1461
615	1462
5505	1463
7454	1464
2182	1465
3449	1466
111	1467
5371	1468
7918	1469
330	1470
8279	1471
9437	1472
480	1473
1088	1474
2934	1475
3972	1476
1917	1477
4754	1478
334	1479
9420	1480
7065	1481
9618	1482
9190	1483
8019	1484
6457	1485
5843	1486
1766	1487
6605	1488
6588	1489
9306	1490
6972	1491
6905	1492
5333	1493
71	1494
6080	1495
4730	1496
3477	1497
3902	1498
4193	1499
4146	1500
2039	1501
6547	1502
8986	1503
3778	1504
7481	1505
8867	1506
9242	1507
3625	1508
3117	1509
4684	1510
8386	1511
8374	1512
8805	1513
7707	1514
5339	1515
4423	1516
9359	1517
6593	1518
7090	1519
3580	1520
4616	1521
952	1522
8714	1523
5985	1524
3357	1525
7714	1526
4160	1527
4561	1528
9604	1529
1677	1530
4266	1531
4725	1532
4719	1533
5322	1534
3446	1535
249	1536
3673	1537
2804	1538
4852	1539
8633	1540
7631	1541
7814	1542
3195	1543
513	1544
9433	1545
57	1546
6780	1547
5324	1548
8929	1549
7249	1550
1464	1551
3639	1552
6081	1553
6650	1554
4777	1555
7129	1556
4553	1557
7959	1558
2131	1559
204	1560
2135	1561
1827	1562
8830	1563
6180	1564
8593	1565
2967	1566
2085	1567
4985	1568
5725	1569
3276	1570
847	1571
7517	1572
1933	1573
6108	1574
5858	1575
8110	1576
7241	1577
6794	1578
9571	1579
3092	1580
6286	1581
1581	1582
3851	1583
5320	1584
9212	1585
8848	1586
5690	1587
1321	1588
881	1589
4024	1590
1936	1591
8689	1592
924	1593
1287	1594
6328	1595
1401	1596
6283	1597
9363	1598
2356	1599
1150	1600
241	1601
6017	1602
11	1603
6783	1604
5991	1605
5606	1606
7387	1607
4140	1608
8956	1609
3135	1610
3571	1611
7401	1612
41	1613
1843	1614
8680	1615
190	1616
1170	1617
1198	1618
4599	1619
1994	1620
15	1621
6526	1622
8368	1623
1753	1624
9451	1625
106	1626
5399	1627
7026	1628
5343	1629
9224	1630
6951	1631
791	1632
8198	1633
9441	1634
9018	1635
1510	1636
9536	1637
4522	1638
5777	1639
1696	1640
6485	1641
6231	1642
997	1643
9234	1644
1404	1645
1272	1646
1449	1647
9206	1648
7746	1649
6031	1650
6110	1651
3364	1652
683	1653
6950	1654
3492	1655
4524	1656
2384	1657
2767	1658
7654	1659
175	1660
8393	1661
5826	1662
3836	1663
3857	1664
2190	1665
2680	1666
4305	1667
6996	1668
7150	1669
4610	1670
4279	1671
1562	1672
8265	1673
4952	1674
7333	1675
6293	1676
2601	1677
6566	1678
9334	1679
6038	1680
3307	1681
3359	1682
4106	1683
7534	1684
651	1685
12	1686
547	1687
7487	1688
6220	1689
5910	1690
3607	1691
9533	1692
8635	1693
8022	1694
1749	1695
928	1696
6465	1697
8990	1698
114	1699
6468	1700
7498	1701
214	1702
6897	1703
7250	1704
1554	1705
5390	1706
835	1707
9048	1708
2858	1709
760	1710
3762	1711
8656	1712
2660	1713
171	1714
7593	1715
8606	1716
405	1717
336	1718
4224	1719
5469	1720
6036	1721
2024	1722
3591	1723
3019	1724
6148	1725
856	1726
1818	1727
7863	1728
1425	1729
9125	1730
3168	1731
6545	1732
5550	1733
401	1734
9421	1735
5032	1736
3416	1737
9465	1738
2028	1739
607	1740
9592	1741
3361	1742
3835	1743
8521	1744
7501	1745
8538	1746
8495	1747
5862	1748
7905	1749
3111	1750
1	1751
671	1752
2590	1753
1958	1754
185	1755
930	1756
726	1757
5526	1758
5838	1759
6062	1760
7594	1761
1778	1762
183	1763
8616	1764
384	1765
8925	1766
8753	1767
3526	1768
1755	1769
6214	1770
8684	1771
2675	1772
5968	1773
4482	1774
6645	1775
5084	1776
105	1777
6128	1778
8205	1779
198	1780
754	1781
8188	1782
178	1783
4010	1784
5590	1785
3062	1786
237	1787
1294	1788
3527	1789
9351	1790
7562	1791
1454	1792
9589	1793
75	1794
3182	1795
6226	1796
4995	1797
3045	1798
5326	1799
5422	1800
23	1801
7722	1802
3070	1803
586	1804
1167	1805
7021	1806
8144	1807
2355	1808
4358	1809
19	1810
581	1811
2852	1812
279	1813
4816	1814
1991	1815
7636	1816
5059	1817
7492	1818
3848	1819
6287	1820
501	1821
1904	1822
6890	1823
2859	1824
8095	1825
905	1826
8053	1827
4025	1828
4348	1829
7435	1830
7527	1831
6162	1832
2867	1833
1642	1834
3823	1835
1341	1836
6838	1837
4386	1838
9101	1839
8330	1840
4272	1841
8542	1842
4026	1843
6594	1844
8266	1845
5004	1846
4583	1847
8833	1848
7971	1849
562	1850
3239	1851
7288	1852
5609	1853
1479	1854
4654	1855
5754	1856
4	1857
2285	1858
6630	1859
147	1860
2870	1861
2824	1862
6988	1863
8377	1864
5694	1865
3774	1866
4071	1867
7875	1868
8516	1869
202	1870
5498	1871
435	1872
7882	1873
1987	1874
4338	1875
1742	1876
9335	1877
5757	1878
1486	1879
8936	1880
7545	1881
863	1882
4475	1883
1932	1884
5882	1885
1050	1886
3016	1887
5477	1888
8055	1889
428	1890
73	1891
5423	1892
1	1893
5712	1894
992	1895
2650	1896
9133	1897
8108	1898
1956	1899
5593	1900
9625	1901
8740	1902
9297	1903
26	1904
3804	1905
7437	1906
7404	1907
6075	1908
1966	1909
213	1910
9665	1911
8981	1912
2554	1913
6151	1914
1247	1915
1374	1916
6271	1917
6925	1918
6880	1919
6131	1920
4868	1921
5384	1922
1271	1923
554	1924
128	1925
608	1926
6647	1927
8013	1928
5017	1929
6958	1930
1082	1931
6619	1932
5366	1933
3652	1934
7611	1935
5970	1936
1801	1937
5927	1938
2344	1939
2287	1940
7063	1941
3213	1942
3515	1943
8443	1944
7295	1945
6453	1946
9323	1947
858	1948
1006	1949
112	1950
6887	1951
2921	1952
6798	1953
8508	1954
6098	1955
4829	1956
3535	1957
2119	1958
9584	1959
910	1960
9199	1961
9628	1962
946	1963
9471	1964
6076	1965
3379	1966
6512	1967
9129	1968
5508	1969
6431	1970
9450	1971
2482	1972
6344	1973
8735	1974
353	1975
973	1976
1025	1977
92	1978
7147	1979
2679	1980
6222	1981
155	1982
5482	1983
8693	1984
961	1985
5421	1986
7491	1987
6089	1988
6061	1989
7324	1990
1304	1991
2483	1992
1164	1993
8806	1994
3913	1995
1502	1996
2839	1997
831	1998
6655	1999
1471	2000
4201	2001
7372	2002
1165	2003
4184	2004
8953	2005
8782	2006
6090	2007
4978	2008
6723	2009
8826	2010
8892	2011
8694	2012
8137	2013
4633	2014
5179	2015
8029	2016
2031	2017
1511	2018
77	2019
23	2020
6891	2021
853	2022
8591	2023
6187	2024
890	2025
7169	2026
3405	2027
3753	2028
1011	2029
766	2030
8794	2031
7933	2032
3293	2033
280	2034
3945	2035
951	2036
6136	2037
4753	2038
1948	2039
4875	2040
7528	2041
6311	2042
4466	2043
3605	2044
2221	2045
6843	2046
9023	2047
2816	2048
3299	2049
3179	2050
3628	2051
1906	2052
1841	2053
2047	2054
145	2055
1972	2056
3761	2057
8358	2058
3398	2059
3250	2060
1177	2061
5618	2062
2389	2063
2722	2064
1063	2065
295	2066
8453	2067
371	2068
2455	2069
6361	2070
975	2071
3710	2072
9277	2073
3289	2074
8026	2075
146	2076
233	2077
8271	2078
9182	2079
6600	2080
668	2081
4001	2082
99	2083
3415	2084
5089	2085
202	2086
3544	2087
3311	2088
6654	2089
8309	2090
2296	2091
5544	2092
5987	2093
2949	2094
1381	2095
8800	2096
4366	2097
1655	2098
3221	2099
95	2100
3746	2101
305	2102
4274	2103
265	2104
139	2105
3883	2106
6755	2107
3514	2108
5029	2109
5027	2110
5921	2111
6854	2112
4244	2113
7310	2114
6829	2115
6906	2116
8008	2117
7456	2118
4436	2119
7357	2120
1335	2121
7176	2122
9378	2123
6820	2124
5036	2125
5940	2126
1496	2127
7072	2128
2727	2129
3133	2130
2125	2131
575	2132
457	2133
8575	2134
579	2135
1475	2136
8106	2137
1830	2138
3741	2139
7120	2140
2284	2141
79	2142
6013	2143
810	2144
3188	2145
3202	2146
2844	2147
5737	2148
7037	2149
2950	2150
7614	2151
8362	2152
7907	2153
8719	2154
4041	2155
9273	2156
9489	2157
4143	2158
5317	2159
4886	2160
8194	2161
3559	2162
191	2163
7812	2164
9250	2165
6657	2166
9030	2167
5551	2168
189	2169
8270	2170
9280	2171
6225	2172
9041	2173
8530	2174
5094	2175
9213	2176
8690	2177
4317	2178
4299	2179
4509	2180
43	2181
9050	2182
687	2183
6541	2184
2522	2185
289	2186
5636	2187
9666	2188
6411	2189
7282	2190
2795	2191
1863	2192
3165	2193
9313	2194
1921	2195
4014	2196
6806	2197
8603	2198
7389	2199
8140	2200
9257	2201
5948	2202
8062	2203
3315	2204
755	2205
5738	2206
2020	2207
3951	2208
5410	2209
2532	2210
1590	2211
3294	2212
4384	2213
7563	2214
7675	2215
2692	2216
799	2217
9062	2218
7546	2219
1035	2220
3164	2221
9148	2222
2587	2223
6147	2224
8713	2225
7769	2226
9122	2227
3721	2228
819	2229
631	2230
1400	2231
6961	2232
7163	2233
5266	2234
238	2235
6127	2236
8097	2237
2132	2238
5222	2239
885	2240
5	2241
6385	2242
2988	2243
8192	2244
3922	2245
3866	2246
8601	2247
5114	2248
2152	2249
8755	2250
4086	2251
3887	2252
1256	2253
4176	2254
3480	2255
3443	2256
332	2257
876	2258
4740	2259
1608	2260
1875	2261
6789	2262
4674	2263
3886	2264
7998	2265
3483	2266
1162	2267
151	2268
7502	2269
3427	2270
3991	2271
5979	2272
6282	2273
3760	2274
8991	2275
78	2276
5050	2277
1962	2278
6827	2279
5419	2280
5773	2281
2850	2282
4629	2283
1605	2284
4395	2285
5021	2286
4906	2287
3049	2288
7556	2289
5711	2290
6502	2291
215	2292
7202	2293
7296	2294
5623	2295
1067	2296
2279	2297
3469	2298
6072	2299
45	2300
8598	2301
4962	2302
5808	2303
7496	2304
7433	2305
9149	2306
86	2307
2043	2308
6844	2309
8043	2310
8324	2311
8808	2312
6519	2313
6164	2314
5331	2315
258	2316
7210	2317
5925	2318
4248	2319
6362	2320
4094	2321
1104	2322
4506	2323
1634	2324
34	2325
1701	2326
6740	2327
4614	2328
2168	2329
641	2330
1366	2331
1650	2332
7698	2333
2961	2334
5817	2335
244	2336
5680	2337
669	2338
7717	2339
8180	2340
7242	2341
2652	2342
2071	2343
2155	2344
244	2345
6232	2346
7954	2347
6425	2348
2174	2349
2980	2350
8932	2351
7190	2352
412	2353
1264	2354
5642	2355
7868	2356
8999	2357
8325	2358
159	2359
6419	2360
9594	2361
6523	2362
8369	2363
3138	2364
2393	2365
8428	2366
6644	2367
1781	2368
3617	2369
1740	2370
319	2371
2415	2372
9414	2373
735	2374
1509	2375
6503	2376
372	2377
7068	2378
5950	2379
695	2380
227	2381
8688	2382
2658	2383
9558	2384
6534	2385
7230	2386
1492	2387
7218	2388
7837	2389
8452	2390
7426	2391
8340	2392
8421	2393
74	2394
7567	2395
9613	2396
7559	2397
66	2398
9598	2399
1112	2400
5316	2401
1829	2402
906	2403
8132	2404
495	2405
3285	2406
1663	2407
1157	2408
6881	2409
3233	2410
3843	2411
2557	2412
172	2413
7813	2414
8873	2415
6848	2416
5443	2417
8254	2418
1059	2419
9304	2420
4495	2421
5933	2422
5775	2423
9269	2424
8268	2425
1243	2426
8779	2427
8780	2428
2169	2429
2382	2430
900	2431
5375	2432
3123	2433
4563	2434
6165	2435
6943	2436
4634	2437
2063	2438
6085	2439
2517	2440
899	2441
6102	2442
1773	2443
962	2444
6942	2445
6249	2446
3248	2447
4741	2448
6578	2449
8396	2450
2289	2451
6673	2452
183	2453
4658	2454
901	2455
7392	2456
3768	2457
725	2458
8395	2459
3110	2460
6432	2461
5096	2462
64	2463
64	2464
1403	2465
8484	2466
4920	2467
1280	2468
2283	2469
5917	2470
4987	2471
8259	2472
6183	2473
9267	2474
8596	2475
9619	2476
3923	2477
9327	2478
1832	2479
3346	2480
2902	2481
6428	2482
6437	2483
2778	2484
5165	2485
177	2486
943	2487
2461	2488
6441	2489
1700	2490
6438	2491
4748	2492
3827	2493
9579	2494
8645	2495
1959	2496
7207	2497
4767	2498
6681	2499
8117	2500
149	2501
7924	2502
5895	2503
8513	2504
7042	2505
4216	2506
4066	2507
2315	2508
7467	2509
3739	2510
6404	2511
3068	2512
6334	2513
627	2514
4465	2515
5935	2516
2383	2517
3937	2518
8501	2519
2430	2520
1575	2521
2021	2522
8828	2523
6442	2524
4504	2525
87	2526
2624	2527
792	2528
4600	2529
6821	2530
6720	2531
6711	2532
6770	2533
1596	2534
8883	2535
514	2536
2808	2537
5228	2538
3632	2539
233	2540
1970	2541
1364	2542
4213	2543
2081	2544
1184	2545
3518	2546
3961	2547
2609	2548
4973	2549
6852	2550
3816	2551
5585	2552
6870	2553
4571	2554
308	2555
5336	2556
3577	2557
2427	2558
5600	2559
537	2560
8781	2561
2203	2562
9663	2563
5890	2564
5345	2565
2781	2566
7523	2567
298	2568
4541	2569
5414	2570
5736	2571
4351	2572
6318	2573
9072	2574
5061	2575
4737	2576
5457	2577
6394	2578
7821	2579
3900	2580
3694	2581
8310	2582
7822	2583
601	2584
9078	2585
4211	2586
4606	2587
7	2588
474	2589
181	2590
3298	2591
5662	2592
7750	2593
1896	2594
144	2595
516	2596
518	2597
1363	2598
709	2599
1808	2600
1790	2601
3656	2602
4281	2603
3488	2604
1758	2605
8613	2606
864	2607
6	2608
5272	2609
6123	2610
173	2611
1874	2612
6421	2613
4567	2614
2756	2615
6866	2616
4997	2617
9300	2618
1476	2619
70	2620
2439	2621
7341	2622
517	2623
1044	2624
5005	2625
8884	2626
9034	2627
1320	2628
21	2629
6004	2630
392	2631
610	2632
1018	2633
1924	2634
8944	2635
2305	2636
6752	2637
5127	2638
6946	2639
10	2640
141	2641
538	2642
7474	2643
4459	2644
5342	2645
6901	2646
7309	2647
7561	2648
1073	2649
2524	2650
9128	2651
1444	2652
3730	2653
4685	2654
5766	2655
265	2656
1577	2657
8238	2658
46	2659
6034	2660
2890	2661
8853	2662
3189	2663
8637	2664
8589	2665
5072	2666
5682	2667
9346	2668
604	2669
8414	2670
2375	2671
1254	2672
8315	2673
2322	2674
548	2675
311	2676
1149	2677
160	2678
7701	2679
6381	2680
6749	2681
4699	2682
216	2683
153	2684
287	2685
256	2686
5452	2687
9478	2688
3246	2689
6737	2690
8403	2691
5383	2692
4607	2693
6833	2694
6621	2695
4913	2696
4836	2697
1315	2698
7301	2699
7900	2700
7245	2701
7221	2702
5269	2703
6252	2704
8079	2705
1856	2706
2834	2707
5825	2708
5450	2709
6581	2710
996	2711
456	2712
7945	2713
6000	2714
149	2715
2625	2716
1697	2717
2942	2718
5236	2719
5359	2720
9498	2721
4666	2722
5123	2723
9266	2724
55	2725
1913	2726
6841	2727
2388	2728
5743	2729
2762	2730
1789	2731
3812	2732
2331	2733
2598	2734
7431	2735
2421	2736
7050	2737
1183	2738
7201	2739
5393	2740
191	2741
1371	2742
9376	2743
9509	2744
2706	2745
2908	2746
3528	2747
5199	2748
4593	2749
2802	2750
7967	2751
5099	2752
893	2753
1774	2754
9066	2755
9532	2756
9322	2757
4477	2758
4764	2759
5949	2760
7266	2761
7036	2762
2079	2763
5954	2764
848	2765
3309	2766
6599	2767
1275	2768
8225	2769
5090	2770
7713	2771
6129	2772
7624	2773
3953	2774
2690	2775
1377	2776
4183	2777
2239	2778
2089	2779
1490	2780
3814	2781
7897	2782
8049	2783
2849	2784
6045	2785
6587	2786
4042	2787
8136	2788
6367	2789
491	2790
5337	2791
8007	2792
1424	2793
2202	2794
1416	2795
4703	2796
8738	2797
2787	2798
734	2799
804	2800
169	2801
3872	2802
2451	2803
6743	2804
2054	2805
7551	2806
3840	2807
5046	2808
125	2809
6511	2810
3502	2811
5795	2812
1566	2813
315	2814
5338	2815
9446	2816
2578	2817
7057	2818
3718	2819
192	2820
4054	2821
3340	2822
6160	2823
5076	2824
4029	2825
8423	2826
295	2827
4500	2828
7676	2829
2408	2830
8465	2831
9514	2832
3261	2833
190	2834
4579	2835
6224	2836
6845	2837
478	2838
4936	2839
2694	2840
5098	2841
4937	2842
7278	2843
7507	2844
5663	2845
63	2846
7486	2847
7270	2848
6142	2849
7620	2850
5964	2851
866	2852
860	2853
2606	2854
8935	2855
9405	2856
5836	2857
1477	2858
5227	2859
1593	2860
7914	2861
4904	2862
4728	2863
6778	2864
6777	2865
6813	2866
6791	2867
6812	2868
6787	2869
6837	2870
5997	2871
6270	2872
2469	2873
9103	2874
6769	2875
212	2876
5792	2877
5755	2878
3675	2879
4449	2880
7322	2881
1219	2882
2179	2883
2265	2884
120	2885
499	2886
4019	2887
1092	2888
6405	2889
6094	2890
1945	2891
9444	2892
4088	2893
7115	2894
559	2895
487	2896
4048	2897
8329	2898
7337	2899
7009	2900
4240	2901
9556	2902
3612	2903
9330	2904
3344	2905
1719	2906
8745	2907
2113	2908
1678	2909
2637	2910
9219	2911
7763	2912
7921	2913
8718	2914
3482	2915
2575	2916
2398	2917
7682	2918
1534	2919
8704	2920
6732	2921
6734	2922
470	2923
2740	2924
1880	2925
20	2926
1093	2927
2703	2928
8004	2929
6467	2930
3908	2931
2404	2932
7240	2933
6209	2934
5650	2935
6894	2936
2705	2937
7775	2938
4362	2939
3850	2940
1683	2941
6314	2942
6956	2943
6970	2944
8960	2945
6356	2946
9015	2947
1672	2948
2710	2949
4016	2950
5601	2951
7684	2952
3395	2953
4128	2954
845	2955
4565	2956
5572	2957
225	2958
9238	2959
8276	2960
7565	2961
143	2962
5974	2963
8153	2964
2677	2965
3108	2966
492	2967
22	2968
59	2969
4044	2970
9554	2971
2281	2972
9185	2973
736	2974
4758	2975
3596	2976
5200	2977
2166	2978
519	2979
2402	2980
515	2981
6294	2982
9232	2983
8736	2984
6548	2985
6377	2986
6475	2987
3448	2988
1919	2989
4253	2990
2845	2991
461	2992
1285	2993
6639	2994
7	2995
9049	2996
1860	2997
567	2998
6163	2999
4813	3000
214	3001
1712	3002
1209	3003
196	3004
3719	3005
8134	3006
6316	3007
2780	3008
7182	3009
7703	3010
6046	3011
594	3012
2882	3013
2803	3014
1733	3015
1961	3016
9155	3017
3061	3018
444	3019
564	3020
5306	3021
6860	3022
7186	3023
8722	3024
2488	3025
1031	3026
1556	3027
3808	3028
2290	3029
5426	3030
1871	3031
3020	3032
88	3033
7554	3034
2147	3035
9402	3036
2866	3037
5850	3038
7762	3039
4120	3040
5617	3041
8857	3042
3627	3043
6368	3044
5030	3045
1702	3046
7854	3047
1666	3048
9150	3049
216	3050
898	3051
9293	3052
6479	3053
1410	3054
8533	3055
8580	3056
290	3057
4760	3058
8074	3059
9371	3060
775	3061
2661	3062
54	3063
3134	3064
9305	3065
3553	3066
2419	3067
124	3068
143	3069
2519	3070
4433	3071
1375	3072
5188	3073
8217	3074
2520	3075
8537	3076
3035	3077
7172	3078
4594	3079
5093	3080
7140	3081
1941	3082
2582	3083
1688	3084
723	3085
7541	3086
8478	3087
2832	3088
92	3089
6423	3090
6161	3091
8818	3092
7655	3093
7264	3094
4733	3095
9112	3096
9119	3097
6430	3098
1314	3099
2620	3100
156	3101
8840	3102
369	3103
9337	3104
9246	3105
4373	3106
209	3107
3216	3108
2023	3109
4853	3110
1951	3111
9368	3112
5238	3113
6097	3114
3440	3115
783	3116
5677	3117
4903	3118
850	3119
3677	3120
9633	3121
769	3122
6042	3123
8725	3124
6758	3125
4957	3126
2826	3127
2545	3128
6616	3129
6607	3130
5546	3131
7871	3132
9126	3133
1640	3134
32	3135
1826	3136
8201	3137
2084	3138
87	3139
2159	3140
3618	3141
927	3142
182	3143
6745	3144
6192	3145
9423	3146
363	3147
3187	3148
4858	3149
5786	3150
4808	3151
4919	3152
588	3153
1935	3154
9629	3155
5057	3156
7966	3157
3029	3158
3296	3159
4231	3160
4582	3161
83	3162
238	3163
4712	3164
6119	3165
1764	3166
9075	3167
5919	3168
5892	3169
5265	3170
1862	3171
4220	3172
9233	3173
5172	3174
808	3175
451	3176
1654	3177
5730	3178
4388	3179
4820	3180
9662	3181
5944	3182
2012	3183
5936	3184
21	3185
7463	3186
193	3187
2185	3188
3279	3189
6403	3190
3524	3191
558	3192
120	3193
7061	3194
1944	3195
4544	3196
181	3197
3701	3198
1834	3199
9286	3200
2649	3201
215	3202
2180	3203
2815	3204
56	3205
8764	3206
1124	3207
5120	3208
1421	3209
7441	3210
9355	3211
6729	3212
6739	3213
6936	3214
7535	3215
3426	3216
6816	3217
268	3218
475	3219
168	3220
3537	3221
8234	3222
2784	3223
2146	3224
142	3225
728	3226
9521	3227
1816	3228
5077	3229
3723	3230
9175	3231
3194	3232
3422	3233
8515	3234
1524	3235
5490	3236
235	3237
4651	3238
6595	3239
9248	3240
8122	3241
7281	3242
2909	3243
5274	3244
2082	3245
399	3246
1667	3247
5805	3248
2540	3249
9348	3250
2925	3251
5884	3252
9438	3253
8659	3254
4724	3255
2494	3256
1015	3257
8263	3258
303	3259
705	3260
9104	3261
2353	3262
7117	3263
8931	3264
9387	3265
6623	3266
1882	3267
9131	3268
1226	3269
6985	3270
6913	3271
6064	3272
9164	3273
246	3274
4646	3275
3560	3276
2750	3277
4819	3278
2528	3279
3360	3280
8206	3281
7780	3282
9303	3283
2061	3284
8467	3285
1942	3286
649	3287
4639	3288
6264	3289
5975	3290
739	3291
6584	3292
9568	3293
8638	3294
174	3295
1852	3296
2691	3297
100	3298
6247	3299
9037	3300
1028	3301
2593	3302
3268	3303
7096	3304
8550	3305
7831	3306
9079	3307
1625	3308
5767	3309
9646	3310
8947	3311
2136	3312
5584	3313
278	3314
5559	3315
2851	3316
1732	3317
3050	3318
732	3319
4515	3320
137	3321
163	3322
2523	3323
5595	3324
2364	3325
3450	3326
6675	3327
6007	3328
9529	3329
3300	3330
4430	3331
6057	3332
8226	3333
8507	3334
1229	3335
3550	3336
2974	3337
780	3338
5198	3339
4959	3340
8919	3341
1597	3342
8281	3343
9145	3344
5273	3345
9170	3346
9159	3347
6932	3348
4421	3349
6919	3350
8353	3351
407	3352
4304	3353
8161	3354
3112	3355
8143	3356
7382	3357
1106	3358
5193	3359
8729	3360
8306	3361
8207	3362
6997	3363
5251	3364
3381	3365
3563	3366
3650	3367
33	3368
4067	3369
4519	3370
1754	3371
4569	3372
4228	3373
20	3374
5288	3375
1779	3376
9316	3377
1233	3378
5039	3379
69	3380
4806	3381
9526	3382
1931	3383
9638	3384
5248	3385
2164	3386
2162	3387
1289	3388
1263	3389
28	3390
397	3391
1119	3392
2516	3393
8966	3394
9249	3395
1387	3396
8586	3397
2600	3398
4983	3399
2862	3400
138	3401
8517	3402
505	3403
6725	3404
892	3405
1689	3406
2594	3407
1968	3408
4051	3409
5167	3410
1552	3411
7573	3412
8528	3413
5582	3414
2188	3415
6376	3416
9006	3417
3017	3418
2192	3419
1188	3420
8011	3421
1934	3422
4387	3423
4006	3424
3558	3425
7112	3426
9290	3427
5568	3428
4967	3429
8504	3430
281	3431
7080	3432
2497	3433
8757	3434
6301	3435
2000	3436
2604	3437
3862	3438
3984	3439
1001	3440
3946	3441
5387	3442
4290	3443
6995	3444
2347	3445
3269	3446
4028	3447
107	3448
4426	3449
4494	3450
4340	3451
263	3452
7647	3453
6683	3454
9572	3455
5918	3456
3032	3457
2495	3458
9127	3459
7059	3460
4235	3461
1130	3462
5693	3463
16	3464
740	3465
130	3466
3801	3467
3481	3468
1029	3469
236	3470
861	3471
960	3472
4007	3473
8463	3474
4732	3475
8451	3476
8577	3477
7511	3478
9527	3479
7055	3480
9237	3481
8870	3482
1866	3483
2120	3484
7519	3485
589	3486
5749	3487
6861	3488
6454	3489
3772	3490
207	3491
3855	3492
4450	3493
1713	3494
779	3495
7235	3496
963	3497
38	3498
4566	3499
1717	3500
8626	3501
6493	3502
7729	3503
691	3504
21	3505
3662	3506
4954	3507
33	3508
7788	3509
3927	3510
6204	3511
6859	3512
1249	3513
7989	3514
8438	3515
5804	3516
1135	3517
85	3518
4966	3519
521	3520
888	3521
628	3522
1576	3523
629	3524
889	3525
630	3526
1680	3527
7261	3528
2734	3529
5894	3530
6115	3531
4505	3532
7591	3533
5347	3534
1491	3535
720	3536
4138	3537
16	3538
8012	3539
8183	3540
7799	3541
1526	3542
5579	3543
1175	3544
6398	3545
3093	3546
2377	3547
4369	3548
2234	3549
7449	3550
3907	3551
8370	3552
4464	3553
1108	3554
7553	3555
4105	3556
3493	3557
6909	3558
2280	3559
7809	3560
359	3561
2965	3562
6686	3563
1143	3564
8073	3565
2479	3566
970	3567
2904	3568
6219	3569
2433	3570
7847	3571
8255	3572
198	3573
6292	3574
2212	3575
3	3576
3641	3577
9560	3578
243	3579
6459	3580
5770	3581
1118	3582
710	3583
6348	3584
8683	3585
2496	3586
5060	3587
4745	3588
7273	3589
3085	3590
1051	3591
1418	3592
3413	3593
3091	3594
2406	3595
6104	3596
3931	3597
6172	3598
9654	3599
879	3600
8726	3601
268	3602
5135	3603
3124	3604
4576	3605
4623	3606
9235	3607
479	3608
2563	3609
7365	3610
4087	3611
1971	3612
8146	3613
7828	3614
1669	3615
5726	3616
277	3617
2117	3618
8202	3619
8015	3620
264	3621
7609	3622
113	3623
2074	3624
7156	3625
4689	3626
2539	3627
6158	3628
9053	3629
107	3630
4355	3631
7878	3632
8252	3633
7399	3634
6319	3635
656	3636
4802	3637
4559	3638
6266	3639
5958	3640
2682	3641
102	3642
218	3643
6999	3644
2551	3645
60	3646
1173	3647
7355	3648
5365	3649
7304	3650
47	3651
3775	3652
3373	3653
8342	3654
7395	3655
7529	3656
6346	3657
5872	3658
940	3659
6540	3660
5166	3661
7678	3662
7975	3663
1498	3664
3099	3665
236	3666
3190	3667
5356	3668
376	3669
6973	3670
3846	3671
1646	3672
5563	3673
2467	3674
8222	3675
9001	3676
3640	3677
1008	3678
4769	3679
920	3680
1844	3681
8257	3682
119	3683
2010	3684
8815	3685
8685	3686
6963	3687
825	3688
2562	3689
3069	3690
3005	3691
9410	3692
5489	3693
5001	3694
8657	3695
2695	3696
8083	3697
9483	3698
1731	3699
2798	3700
4587	3701
203	3702
8695	3703
8998	3704
3916	3705
4401	3706
44	3707
7604	3708
2462	3709
3629	3710
3455	3711
3538	3712
998	3713
1893	3714
5141	3715
7125	3716
8229	3717
8851	3718
767	3719
4175	3720
870	3721
1770	3722
6926	3723
6335	3724
2246	3725
852	3726
6889	3727
1905	3728
5031	3729
3615	3730
3714	3731
6576	3732
5705	3733
5394	3734
2368	3735
874	3736
3777	3737
1648	3738
2555	3739
6223	3740
6933	3741
3158	3742
5539	3743
2480	3744
5116	3745
2973	3746
4552	3747
5006	3748
4981	3749
8088	3750
6551	3751
9566	3752
5965	3753
8505	3754
423	3755
3264	3756
5170	3757
3860	3758
1920	3759
2769	3760
6435	3761
7265	3762
8614	3763
4550	3764
1344	3765
7890	3766
4619	3767
7988	3768
8130	3769
5328	3770
9333	3771
9308	3772
647	3773
9495	3774
4030	3775
7650	3776
2648	3777
5871	3778
1357	3779
3722	3780
945	3781
6636	3782
2928	3783
5190	3784
8788	3785
4132	3786
2786	3787
7158	3788
7470	3789
4437	3790
2788	3791
1048	3792
5413	3793
7785	3794
227	3795
5634	3796
6251	3797
5639	3798
7557	3799
6211	3800
4947	3801
6194	3802
5291	3803
2170	3804
255	3805
9228	3806
56	3807
632	3808
2261	3809
5809	3810
5412	3811
7718	3812
7048	3813
7802	3814
1132	3815
1633	3816
2087	3817
5101	3818
7883	3819
6366	3820
6390	3821
1698	3822
2423	3823
3738	3824
1269	3825
1037	3826
1928	3827
7093	3828
1180	3829
3964	3830
4870	3831
7621	3832
2560	3833
4097	3834
8286	3835
9639	3836
8980	3837
7639	3838
3844	3839
3792	3840
7613	3841
7927	3842
6550	3843
9116	3844
1885	3845
5048	3846
4508	3847
4799	3848
193	3849
6196	3850
9538	3851
4246	3852
6260	3853
2897	3854
4396	3855
2278	3856
4404	3857
5659	3858
7175	3859
6239	3860
4573	3861
6254	3862
5441	3863
8964	3864
7499	3865
7948	3866
4099	3867
3026	3868
9261	3869
7307	3870
54	3871
9042	3872
5026	3873
5025	3874
553	3875
5257	3876
1484	3877
763	3878
4264	3879
6155	3880
5430	3881
5621	3882
2339	3883
4257	3884
4289	3885
822	3886
6304	3887
4270	3888
1123	3889
4215	3890
3968	3891
2749	3892
3601	3893
5929	3894
7300	3895
3341	3896
2561	3897
5638	3898
3935	3899
4079	3900
9672	3901
3756	3902
5083	3903
441	3904
2256	3905
3690	3906
4480	3907
8167	3908
5957	3909
5315	3910
4759	3911
730	3912
4796	3913
3321	3914
2635	3915
3842	3916
9422	3917
3002	3918
5197	3919
4734	3920
3766	3921
4847	3922
7807	3923
7223	3924
9611	3925
153	3926
7198	3927
9658	3928
4763	3929
7452	3930
7915	3931
7388	3932
5297	3933
6099	3934
4052	3935
4353	3936
8686	3937
6310	3938
8541	3939
8566	3940
7610	3941
8245	3942
7124	3943
2883	3944
2441	3945
1828	3946
4530	3947
3243	3948
5501	3949
6937	3950
3456	3951
3334	3952
3966	3953
5247	3954
6804	3955
9508	3956
6962	3957
3733	3958
5988	3959
7092	3960
6288	3961
1629	3962
5196	3963
161	3964
9070	3965
3130	3966
1074	3967
1179	3968
2022	3969
9590	3970
926	3971
9024	3972
5607	3973
351	3974
7632	3975
5363	3976
9186	3977
2919	3978
2918	3979
2566	3980
2050	3981
5994	3982
5367	3983
4517	3984
8189	3985
6088	3986
223	3987
5361	3988
2583	3989
8190	3990
390	3991
5814	3992
4581	3993
3574	3994
3136	3995
8323	3996
8316	3997
3787	3998
122	3999
7664	4000
6112	4001
2334	4002
5392	4003
1671	4004
6015	4005
4673	4006
7851	4007
5926	4008
7950	4009
7472	4010
9345	4011
2981	4012
6505	4013
1349	4014
458	4015
1257	4016
45	4017
1725	4018
9475	4019
25	4020
1083	4021
2116	4022
4603	4023
4859	4024
1252	4025
3417	4026
1553	4027
7587	4028
1281	4029
5889	4030
1835	4031
7130	4032
3212	4033
2728	4034
5513	4035
8351	4036
2573	4037
8087	4038
3345	4039
7232	4040
3458	4041
297	4042
7326	4043
9301	4044
3870	4045
5054	4046
1507	4047
7823	4048
3234	4049
3151	4050
6688	4051
8212	4052
4350	4053
8283	4054
3284	4055
7064	4056
7761	4057
4961	4058
5973	4059
9021	4060
2362	4061
4535	4062
8489	4063
9497	4064
5899	4065
2939	4066
3522	4067
2137	4068
3240	4069
217	4070
2358	4071
4965	4072
1653	4073
3589	4074
1793	4075
9307	4076
165	4077
1996	4078
9605	4079
7803	4080
2429	4081
7919	4082
1081	4083
6939	4084
1978	4085
3313	4086
7199	4087
2106	4088
3737	4089
6474	4090
4113	4091
5260	4092
2143	4093
5575	4094
8035	4095
3009	4096
570	4097
6949	4098
4857	4099
2771	4100
8527	4101
2888	4102
5440	4103
9487	4104
8249	4105
7442	4106
96	4107
217	4108
130	4109
4130	4110
1340	4111
1869	4112
47	4113
3160	4114
6624	4115
6370	4116
6617	4117
8777	4118
195	4119
7925	4120
7733	4121
692	4122
2543	4123
3431	4124
7374	4125
7390	4126
5779	4127
8390	4128
7455	4129
1527	4130
3290	4131
5173	4132
5408	4133
9375	4134
9067	4135
2097	4136
65	4137
8261	4138
1465	4139
4642	4140
8304	4141
8246	4142
6808	4143
8099	4144
2825	4145
9364	4146
2134	4147
7229	4148
4297	4149
5052	4150
3040	4151
1131	4152
2499	4153
1061	4154
5962	4155
2038	4156
2046	4157
2814	4158
8817	4159
9591	4160
2613	4161
84	4162
6397	4163
98	4164
199	4165
3497	4166
266	4167
7000	4168
6371	4169
824	4170
6200	4171
62	4172
8349	4173
990	4174
8865	4175
5723	4176
4424	4177
1636	4178
7628	4179
9102	4180
1212	4181
419	4182
325	4183
234	4184
1054	4185
5476	4186
5364	4187
644	4188
8112	4189
5502	4190
1474	4191
6178	4192
8627	4193
1539	4194
7697	4195
27	4196
3678	4197
7824	4198
6586	4199
2956	4200
2797	4201
2378	4202
6714	4203
8634	4204
6748	4205
6243	4206
3717	4207
7418	4208
58	4209
8375	4210
2092	4211
2681	4212
8732	4213
3362	4214
7469	4215
4245	4216
8847	4217
9384	4218
9284	4219
1125	4220
6273	4221
8640	4222
8455	4223
6498	4224
5552	4225
6337	4226
8430	4227
1013	4228
4620	4229
3976	4230
4512	4231
6978	4232
3568	4233
2667	4234
3821	4235
7219	4236
3074	4237
8419	4238
6664	4239
6048	4240
2636	4241
6060	4242
6059	4243
3832	4244
6627	4245
3142	4246
7520	4247
8819	4248
2394	4249
3635	4250
2345	4251
5056	4252
364	4253
717	4254
4141	4255
8090	4256
6382	4257
14	4258
1043	4259
5713	4260
5984	4261
1579	4262
7012	4263
1039	4264
5592	4265
7233	4266
7098	4267
8789	4268
9314	4269
908	4270
5560	4271
9010	4272
4342	4273
5252	4274
170	4275
9132	4276
3054	4277
9468	4278
5303	4279
3670	4280
7451	4281
205	4282
6111	4283
648	4284
5524	4285
3495	4286
206	4287
8796	4288
1210	4289
5486	4290
3222	4291
2817	4292
3536	4293
439	4294
7039	4295
3348	4296
1922	4297
8860	4298
5411	4299
3086	4300
4394	4301
7391	4302
51	4303
2791	4304
2454	4305
9082	4306
7853	4307
595	4308
4162	4309
6575	4310
7352	4311
7601	4312
2505	4313
6606	4314
5578	4315
3614	4316
3442	4317
4077	4318
7889	4319
1318	4320
7776	4321
4154	4322
9311	4323
8157	4324
6077	4325
942	4326
3624	4327
8930	4328
675	4329
7047	4330
39	4331
8318	4332
991	4333
2348	4334
1372	4335
8642	4336
5941	4337
6601	4338
2352	4339
8313	4340
2198	4341
7706	4342
7148	4343
8631	4344
2227	4345
4313	4346
7939	4347
242	4348
1964	4349
8064	4350
934	4351
5873	4352
8705	4353
1428	4354
3619	4355
9177	4356
2930	4357
8444	4358
2099	4359
7596	4360
3353	4361
1251	4362
5068	4363
2049	4364
1718	4365
673	4366
865	4367
7181	4368
7460	4369
2576	4370
6846	4371
6508	4372
4134	4373
5710	4374
9281	4375
5685	4376
5959	4377
6501	4378
6083	4379
2218	4380
3090	4381
5709	4382
6135	4383
6910	4384
7637	4385
4980	4386
345	4387
6006	4388
5110	4389
6445	4390
1435	4391
931	4392
2401	4393
6234	4394
2309	4395
8260	4396
8742	4397
6814	4398
6975	4399
4156	4400
2151	4401
2512	4402
8622	4403
7677	4404
2527	4405
6216	4406
3228	4407
6173	4408
1395	4409
8560	4410
8784	4411
4382	4412
1172	4413
5403	4414
2674	4415
3475	4416
293	4417
8926	4418
326	4419
3253	4420
4461	4421
1302	4422
8060	4423
1187	4424
8028	4425
5842	4426
2463	4427
6692	4428
7003	4429
6830	4430
6873	4431
5105	4432
408	4433
72	4434
5542	4435
4988	4436
9507	4437
132	4438
523	4439
2869	4440
9152	4441
4869	4442
4323	4443
1572	4444
246	4445
7836	4446
1814	4447
4773	4448
8854	4449
7694	4450
5319	4451
3646	4452
9609	4453
3042	4454
2312	4455
7739	4456
3829	4457
296	4458
857	4459
9130	4460
2476	4461
4663	4462
6336	4463
4622	4464
7143	4465
7348	4466
3657	4467
2181	4468
818	4469
2262	4470
3097	4471
2564	4472
5576	4473
8127	4474
3919	4475
9312	4476
4851	4477
9194	4478
655	4479
2929	4480
4002	4481
3167	4482
9612	4483
6413	4484
3853	4485
5002	4486
8903	4487
3698	4488
4630	4489
7178	4490
6564	4491
7777	4492
3171	4493
6154	4494
4218	4495
486	4496
4660	4497
3958	4498
2422	4499
9631	4500
6424	4501
5783	4502
8193	4503
3200	4504
869	4505
5148	4506
1544	4507
3066	4508
4717	4509
9054	4510
7128	4511
4139	4512
7411	4513
6974	4514
7194	4515
1266	4516
902	4517
312	4518
5706	4519
3025	4520
6412	4521
9002	4522
2770	4523
2083	4524
7583	4525
8646	4526
5511	4527
5300	4528
6461	4529
8544	4530
6449	4531
3220	4532
3933	4533
3543	4534
5358	4535
3255	4536
3280	4537
753	4538
4909	4539
8482	4540
7526	4541
3965	4542
1359	4543
3244	4544
3372	4545
5846	4546
7797	4547
5398	4548
7259	4549
6008	4550
4328	4551
6509	4552
5164	4553
3521	4554
6086	4555
4258	4556
4204	4557
7833	4558
4521	4559
7134	4560
2235	4561
914	4562
2323	4563
3554	4564
5428	4565
6886	4566
980	4567
4254	4568
5150	4569
5637	4570
5100	4571
2686	4572
6447	4573
1918	4574
177	4575
3242	4576
7898	4577
4049	4578
77	4579
6810	4580
3995	4581
896	4582
8009	4583
5499	4584
3197	4585
1865	4586
6109	4587
6899	4588
3163	4589
8048	4590
4195	4591
8319	4592
4855	4593
6554	4594
62	4595
248	4596
5771	4597
8182	4598
8232	4599
5049	4600
1965	4601
427	4602
3530	4603
368	4604
3	4605
9434	4606
6585	4607
9142	4608
4209	4609
6674	4610
2900	4611
1528	4612
394	4613
6240	4614
4778	4615
6570	4616
8971	4617
4765	4618
2932	4619
9535	4620
5177	4621
6967	4622
3365	4623
6784	4624
8078	4625
9354	4626
8398	4627
9141	4628
7789	4629
2070	4630
3104	4631
4645	4632
8098	4633
6756	4634
4327	4635
9574	4636
9016	4637
3838	4638
5960	4639
2639	4640
4300	4641
3542	4642
1391	4643
6903	4644
1585	4645
1299	4646
2585	4647
5124	4648
708	4649
3666	4650
164	4651
5396	4652
1550	4653
5649	4654
6350	4655
2810	4656
5530	4657
4306	4658
6499	4659
6929	4660
657	4661
2095	4662
339	4663
8114	4664
5571	4665
299	4666
1979	4667
1815	4668
4982	4669
7531	4670
9192	4671
8312	4672
6510	4673
7166	4674
4884	4675
1190	4676
5275	4677
4514	4678
6497	4679
6842	4680
1417	4681
2008	4682
136	4683
4865	4684
18	4685
1571	4686
8812	4687
7417	4688
5937	4689
4968	4690
160	4691
4520	4692
7720	4693
7936	4694
4545	4695
4688	4696
2742	4697
5898	4698
8388	4699
5055	4700
381	4701
3275	4702
2730	4703
8498	4704
17	4705
4155	4706
6648	4707
6807	4708
3408	4709
3118	4710
4752	4711
3873	4712
3394	4713
8458	4714
7963	4715
4523	4716
3156	4717
115	4718
565	4719
2903	4720
660	4721
8673	4722
8700	4723
2651	4724
294	4725
5475	4726
1599	4727
156	4728
1141	4729
1348	4730
2960	4731
776	4732
2663	4733
4380	4734
5015	4735
2478	4736
7509	4737
3831	4738
8993	4739
8760	4740
8982	4741
200	4742
4393	4743
2559	4744
6276	4745
7407	4746
4196	4747
4781	4748
1458	4749
8763	4750
9615	4751
1497	4752
3	4753
8101	4754
283	4755
5286	4756
5293	4757
9172	4758
9144	4759
3702	4760
7105	4761
7005	4762
2449	4763
5735	4764
203	4765
5276	4766
7497	4767
4738	4768
7263	4769
3994	4770
4636	4771
7126	4772
4370	4773
4039	4774
19	4775
7964	4776
2811	4777
8039	4778
8917	4779
8120	4780
3325	4781
4418	4782
8086	4783
1565	4784
8385	4785
2901	4786
7795	4787
3608	4788
2286	4789
1644	4790
606	4791
168	4792
4344	4793
3266	4794
8671	4795
7109	4796
101	4797
9289	4798
5990	4799
6765	4800
6333	4801
4547	4802
7354	4803
8025	4804
1446	4805
1589	4806
7495	4807
6604	4808
8273	4809
3384	4810
9515	4811
3904	4812
5653	4813
2553	4814
654	4815
5832	4816
7168	4817
1804	4818
1685	4819
5870	4820
2843	4821
5373	4822
8632	4823
50	4824
223	4825
4260	4826
2477	4827
7615	4828
3000	4829
9089	4830
7257	4831
4091	4832
5751	4833
7275	4834
3459	4835
4152	4836
5853	4837
811	4838
4918	4839
9244	4840
7928	4841
3547	4842
3806	4843
9110	4844
2977	4845
7856	4846
8171	4847
6571	4848
4706	4849
4057	4850
7572	4851
8356	4852
2605	4853
4877	4854
5907	4855
5900	4856
93	4857
5259	4858
4214	4859
4093	4860
4784	4861
1606	4862
2687	4863
5591	4864
8649	4865
2508	4866
8511	4867
267	4868
788	4869
1811	4870
9608	4871
2040	4872
2219	4873
5753	4874
1836	4875
294	4876
212	4877
9366	4878
8509	4879
2632	4880
417	4881
8256	4882
3731	4883
849	4884
4531	4885
7922	4886
8751	4887
917	4888
4944	4889
7082	4890
8898	4891
135	4892
5616	4893
2868	4894
7848	4895
5699	4896
3669	4897
937	4898
3932	4899
6052	4900
9276	4901
8016	4902
2989	4903
6043	4904
7835	4905
189	4906
703	4907
134	4908
6408	4909
9630	4910
5828	4911
9349	4912
8977	4913
3463	4914
749	4915
9506	4916
9494	4917
3847	4918
4667	4919
6839	4920
7715	4921
1171	4922
2253	4923
8104	4924
7035	4925
5191	4926
4970	4927
2275	4928
8230	4929
3043	4930
289	4931
5914	4932
9256	4933
8773	4934
1743	4935
6959	4936
9430	4937
2983	4938
834	4939
4157	4940
220	4941
6969	4942
6120	4943
9544	4944
1998	4945
324	4946
2105	4947
938	4948
8887	4949
1925	4950
9080	4951
4330	4952
5229	4953
2254	4954
2215	4955
6296	4956
7912	4957
8666	4958
8920	4959
6418	4960
5244	4961
7432	4962
3930	4963
1261	4964
230	4965
8460	4966
3166	4967
5669	4968
398	4969
7987	4970
2567	4971
844	4972
2333	4973
7910	4974
1137	4975
1632	4976
1547	4977
5867	4978
6308	4979
2984	4980
1217	4981
5261	4982
7982	4983
5567	4984
1087	4985
3022	4986
3561	4987
1441	4988
569	4989
8488	4990
974	4991
8524	4992
4683	4993
6633	4994
2854	4995
4197	4996
141	4997
13	4998
301	4999
5655	5000
2486	5001
5868	5002
6351	5003
2768	5004
2299	5005
2341	5006
24	5007
3769	5008
1036	5009
7271	5010
3764	5011
285	5012
188	5013
12	5014
1916	5015
3330	5016
616	5017
7506	5018
4917	5019
6482	5020
2747	5021
840	5022
5118	5023
7375	5024
7690	5025
5289	5026
1505	5027
4971	5028
6205	5029
5037	5030
252	5031
7466	5032
97	5033
7658	5034
275	5035
4234	5036
9137	5037
4890	5038
4249	5039
8045	5040
886	5041
7873	5042
255	5043
9601	5044
2701	5045
5481	5046
1693	5047
8793	5048
2711	5049
6697	5050
3303	5051
8994	5052
18	5053
7159	5054
4776	5055
1744	5056
2611	5057
1583	5058
448	5059
4848	5060
7874	5061
5160	5062
2244	5063
6994	5064
5802	5065
3342	5066
3929	5067
2972	5068
2800	5069
8185	5070
8151	5071
2586	5072
4998	5073
1473	5074
5952	5075
7956	5076
4592	5077
4303	5078
1957	5079
3875	5080
1501	5081
4056	5082
393	5083
4664	5084
15	5085
4682	5086
6672	5087
3496	5088
8554	5089
8869	5090
7458	5091
3686	5092
3420	5093
1847	5094
1290	5095
209	5096
8228	5097
489	5098
3444	5099
3162	5100
923	5101
386	5102
1588	5103
4324	5104
6653	5105
6965	5106
4319	5107
7570	5108
6900	5109
7323	5110
7476	5111
9153	5112
7794	5113
3406	5114
3950	5115
5220	5116
6069	5117
8042	5118
4398	5119
3541	5120
3503	5121
5268	5122
3636	5123
1221	5124
6179	5125
8218	5126
5864	5127
5391	5128
6309	5129
3347	5130
6063	5131
2773	5132
2820	5133
8988	5134
116	5135
8387	5136
9454	5137
1985	5138
5691	5139
1200	5140
7574	5141
8520	5142
471	5143
7361	5144
6191	5145
7171	5146
7416	5147
4590	5148
2506	5149
4225	5150
6727	5151
4863	5152
8210	5153
7325	5154
497	5155
2130	5156
2895	5157
6354	5158
3894	5159
3852	5160
7205	5161
8559	5162
7195	5163
5855	5164
7022	5165
5829	5166
49	5167
4251	5168
40	5169
9191	5170
8491	5171
9026	5172
3021	5173
6051	5174
2966	5175
3335	5176
98	5177
3970	5178
6363	5179
3192	5180
7138	5181
108	5182
8766	5183
4293	5184
5232	5185
1622	5186
2684	5187
9296	5188
7709	5189
7108	5190
4151	5191
1019	5192
4294	5193
5368	5194
8215	5195
7584	5196
2760	5197
5163	5198
7145	5199
8472	5200
4412	5201
3663	5202
4177	5203
179	5204
4420	5205
8076	5206
4914	5207
4178	5208
3237	5209
4198	5210
3758	5211
6237	5212
5507	5213
7817	5214
8044	5215
1848	5216
488	5217
2957	5218
3575	5219
7671	5220
260	5221
7256	5222
3120	5223
5731	5224
4411	5225
3880	5226
4880	5227
6185	5228
7683	5229
5681	5230
3095	5231
9670	5232
5821	5233
261	5234
5860	5235
1117	5236
9174	5237
6189	5238
140	5239
1489	5240
4527	5241
3755	5242
2612	5243
741	5244
5436	5245
5574	5246
540	5247
762	5248
5302	5249
7712	5250
9614	5251
1426	5252
2270	5253
5772	5254
3343	5255
5420	5256
2700	5257
3891	5258
8621	5259
1110	5260
167	5261
25	5262
6527	5263
1370	5264
3593	5265
765	5266
8958	5267
1940	5268
8787	5269
145	5270
7206	5271
8468	5272
455	5273
6971	5274
5956	5275
1058	5276
2702	5277
7986	5278
2316	5279
1610	5280
747	5281
4878	5282
4242	5283
5008	5284
5438	5285
60	5286
7756	5287
4179	5288
7579	5289
4080	5290
124	5291
4551	5292
445	5293
4383	5294
8477	5295
8532	5296
3767	5297
5739	5298
3096	5299
7419	5300
7955	5301
4718	5302
5541	5303
806	5304
5509	5305
643	5306
4365	5307
3037	5308
7440	5309
2642	5310
8038	5311
2301	5312
1977	5313
1160	5314
121	5315
986	5316
1854	5317
2875	5318
2863	5319
2314	5320
4887	5321
3430	5322
4075	5323
9288	5324
8399	5325
6257	5326
8343	5327
5946	5328
5108	5329
2251	5330
7297	5331
6687	5332
9008	5333
3460	5334
8976	5335
1075	5336
7686	5337
4425	5338
9315	5339
4825	5340
9482	5341
3012	5342
4250	5343
6871	5344
7017	5345
7962	5346
4652	5347
4069	5348
6248	5349
7430	5350
2922	5351
8454	5352
117	5353
6775	5354
5679	5355
1647	5356
6492	5357
8783	5358
1437	5359
5161	5360
9358	5361
6883	5362
7167	5363
2211	5364
3817	5365
3837	5366
8041	5367
1085	5368
9011	5369
8852	5370
8492	5371
948	5372
957	5373
3008	5374
949	5375
1472	5376
2361	5377
8378	5378
1168	5379
7006	5380
4911	5381
4657	5382
4905	5383
5852	5384
6469	5385
8594	5386
1086	5387
321	5388
13	5389
414	5390
9347	5391
1805	5392
5951	5393
5115	5394
6904	5395
5033	5396
646	5397
103	5398
6476	5399
1989	5400
8743	5401
3028	5402
6005	5403
5301	5404
3655	5405
7721	5406
987	5407
1503	5408
2006	5409
8871	5410
1591	5411
1897	5412
5791	5413
2855	5414
9309	5415
5012	5416
8160	5417
2549	5418
6635	5419
7622	5420
8473	5421
1851	5422
894	5423
3885	5424
7865	5425
220	5426
2217	5427
4212	5428
1174	5429
6280	5430
9504	5431
8479	5432
1859	5433
9624	5434
2255	5435
3893	5436
9168	5437
7627	5438
5556	5439
1305	5440
3139	5441
4597	5442
1159	5443
3451	5444
3743	5445
2878	5446
6851	5447
568	5448
3203	5449
4471	5450
1040	5451
6253	5452
2175	5453
697	5454
8052	5455
6458	5456
5708	5457
8002	5458
8499	5459
4135	5460
3794	5461
5811	5462
8071	5463
4901	5464
3396	5465
3207	5466
8115	5467
4452	5468
7913	5469
7842	5470
6101	5471
9397	5472
5745	5473
8220	5474
5332	5475
1999	5476
5471	5477
3969	5478
2426	5479
6167	5480
1185	5481
1813	5482
5565	5483
9198	5484
6948	5485
8720	5486
1635	5487
7960	5488
2581	5489
3555	5490
6912	5491
5484	5492
9143	5493
4618	5494
36	5495
8836	5496
3145	5497
8070	5498
9510	5499
5594	5500
8756	5501
8785	5502
7237	5503
8798	5504
7152	5505
1286	5506
6281	5507
6472	5508
9513	5509
197	5510
3270	5511
3376	5512
2138	5513
3468	5514
524	5515
1825	5516
6483	5517
6840	5518
3839	5519
8972	5520
3567	5521
3004	5522
3747	5523
7607	5524
2	5525
5704	5526
2719	5527
2030	5528
5651	5529
3375	5530
5491	5531
1301	5532
7743	5533
424	5534
6259	5535
7886	5536
4259	5537
7931	5538
309	5539
5702	5540
2785	5541
5758	5542
5040	5543
2515	5544
5897	5545
8886	5546
4743	5547
6066	5548
421	5549
1202	5550
7838	5551
7808	5552
2115	5553
9088	5554
6360	5555
4389	5556
5000	5557
9189	5558
3084	5559
8365	5560
3899	5561
8408	5562
4720	5563
2628	5564
8129	5565
5453	5566
3841	5567
13	5568
8119	5569
5548	5570
1456	5571
73	5572
1595	5573
7815	5574
9389	5575
4172	5576
482	5577
583	5578
5349	5579
8762	5580
7402	5581
1637	5582
2288	5583
4956	5584
3534	5585
121	5586
4993	5587
9500	5588
8850	5589
5656	5590
989	5591
7478	5592
2068	5593
5080	5594
6217	5595
7765	5596
211	5597
9365	5598
104	5599
7896	5600
796	5601
5587	5602
4291	5603
2985	5604
8032	5605
286	5606
8424	5607
6549	5608
8844	5609
2914	5610
2913	5611
2915	5612
2916	5613
2917	5614
2920	5615
7708	5616
7752	5617
6352	5618
2173	5619
1003	5620
2846	5621
3424	5622
4695	5623
2220	5624
1469	5625
5071	5626
7575	5627
5666	5628
9171	5629
4027	5630
5635	5631
4063	5632
8548	5633
1613	5634
2417	5635
5233	5636
8051	5637
9154	5638
5480	5639
1091	5640
9417	5641
5385	5642
873	5643
3254	5644
6603	5645
1969	5646
622	5647
3681	5648
8435	5649
8449	5650
8366	5651
891	5652
5432	5653
2712	5654
10	5655
6640	5656
4018	5657
2209	5658
3660	5659
936	5660
7902	5661
2905	5662
7421	5663
9060	5664
6274	5665
2223	5666
8987	5667
5776	5668
6738	5669
4800	5670
7525	5671
136	5672
5888	5673
7344	5674
3485	5675
1373	5676
2837	5677
7044	5678
3354	5679
2743	5680
5086	5681
7471	5682
6719	5683
6708	5684
3704	5685
9051	5686
6245	5687
3328	5688
5624	5689
58	5690
1312	5691
7462	5692
4893	5693
3942	5694
5633	5695
2330	5696
27	5697
2853	5698
3371	5699
8204	5700
3906	5701
7560	5702
6583	5703
1367	5704
4363	5705
9645	5706
9252	5707
5972	5708
110	5709
4488	5710
1222	5711
4301	5712
9599	5713
8663	5714
5206	5715
714	5716
2819	5717
88	5718
2013	5719
6174	5720
4677	5721
6272	5722
1780	5723
6877	5724
6074	5725
4123	5726
3229	5727
820	5728
7829	5729
1434	5730
9326	5731
2425	5732
9336	5733
245	5734
8911	5735
6125	5736
7730	5737
7548	5738
2964	5739
1664	5740
7832	5741
4650	5742
1151	5743
6991	5744
50	5745
8888	5746
6535	5747
3896	5748
7605	5749
4670	5750
7641	5751
2091	5752
8456	5753
9540	5754
370	5755
2466	5756
6027	5757
7414	5758
3918	5759
1519	5760
2149	5761
3400	5762
6317	5763
116	5764
4186	5765
4598	5766
4367	5767
1734	5768
6326	5769
5351	5770
4	5771
95	5772
4119	5773
645	5774
7973	5775
6524	5776
8534	5777
918	5778
9209	5779
231	5780
1555	5781
6359	5782
9499	5783
1506	5784
1178	5785
1004	5786
7008	5787
8569	5788
3830	5789
3647	5790
8901	5791
4705	5792
868	5793
5721	5794
9	5795
1402	5796
3006	5797
302	5798
1389	5799
5614	5800
7445	5801
7246	5802
3545	5803
5923	5804
8209	5805
9222	5806
210	5807
9396	5808
9118	5809
147	5810
7213	5811
5831	5812
2065	5813
4554	5814
4017	5815
3487	5816
296	5817
781	5818
8280	5819
7262	5820
2432	5821
6014	5822
8872	5823
3713	5824
2302	5825
4511	5826
78	5827
9439	5828
7292	5829
6462	5830
6706	5831
6746	5832
7942	5833
6957	5834
2498	5835
6666	5836
1121	5837
2067	5838
6338	5839
9523	5840
6698	5841
8293	5842
2035	5843
8100	5844
6491	5845
4807	5846
4783	5847
7569	5848
4665	5849
6689	5850
7373	5851
8005	5852
2201	5853
1098	5854
112	5855
7580	5856
5464	5857
6876	5858
4986	5859
2596	5860
3314	5861
8139	5862
4757	5863
9522	5864
383	5865
7978	5866
2943	5867
340	5868
3306	5869
382	5870
333	5871
262	5872
1154	5873
4288	5874
9163	5875
9419	5876
2204	5877
3048	5878
8150	5879
1630	5880
1767	5881
1607	5882
2343	5883
1323	5884
8717	5885
7002	5886
3803	5887
4360	5888
2443	5889
851	5890
7473	5891
3734	5892
9597	5893
1316	5894
1432	5895
3089	5896
5376	5897
5538	5898
5856	5899
2698	5900
1049	5901
1355	5902
8162	5903
3181	5904
8733	5905
263	5906
8164	5907
1101	5908
6577	5909
9007	5910
1	5911
7536	5912
2599	5913
5934	5914
664	5915
2758	5916
9557	5917
240	5918
9100	5919
3235	5920
1100	5921
8223	5922
3201	5923
2369	5924
9071	5925
3256	5926
4312	5927
300	5928
6395	5929
8211	5930
2470	5931
9559	5932
6434	5933
5518	5934
7306	5935
8065	5936
817	5937
6393	5938
5763	5939
1362	5940
7888	5941
1569	5942
1540	5943
8916	5944
3926	5945
9668	5946
1099	5947
1876	5948
1334	5949
9157	5950
8216	5951
5415	5952
9169	5953
4103	5954
6175	5955
1392	5956
8142	5957
6704	5958
6691	5959
8442	5960
7564	5961
6718	5962
6825	5963
6826	5964
6835	5965
6779	5966
672	5967
5603	5968
5334	5969
1358	5970
3938	5971
6556	5972
8332	5973
1620	5974
1686	5975
7135	5976
4469	5977
258	5978
7394	5979
771	5980
2997	5981
2879	5982
161	5983
2971	5984
8879	5985
4359	5986
1537	5987
490	5988
6190	5989
3172	5990
4371	5991
4217	5992
7014	5993
4181	5994
1322	5995
4835	5996
3031	5997
4850	5998
7810	5999
4628	6000
1809	6001
6406	6002
5003	6003
9076	6004
4746	6005
8647	6006
7099	6007
764	6008
5830	6009
4775	6010
9492	6011
6628	6012
4498	6013
5569	6014
7957	6015
281	6016
3754	6017
4095	6018
635	6019
4159	6020
3286	6021
5762	6022
6559	6023
1030	6024
4990	6025
666	6026
2509	6027
7393	6028
6885	6029
2615	6030
1619	6031
5043	6032
3208	6033
1926	6034
6869	6035
915	6036
1002	6037
1765	6038
3517	6039
789	6040
3729	6041
1022	6042
229	6043
9044	6044
7328	6045
237	6046
5701	6047
8247	6048
7045	6049
197	6050
4731	6051
3602	6052
7732	6053
2550	6054
365	6055
7704	6056
3102	6057
2263	6058
7585	6059
7976	6060
152	6061
436	6062
1369	6063
9493	6064
8227	6065
7314	6066
5287	6067
6690	6068
7024	6069
5886	6070
6228	6071
5902	6072
3759	6073
2142	6074
1399	6075
201	6076
9218	6077
80	6078
9415	6079
3219	6080
2236	6081
7367	6082
2252	6083
199	6084
175	6085
2976	6086
634	6087
4399	6088
8835	6089
6788	6090
525	6091
542	6092
1146	6093
526	6094
9057	6095
2229	6096
7514	6097
6332	6098
404	6099
5780	6100
6968	6101
3981	6102
5483	6103
51	6104
6357	6105
6384	6106
6486	6107
210	6108
4507	6109
205	6110
1512	6111
7970	6112
8664	6113
9196	6114
9671	6115
7538	6116
7904	6117
7287	6118
8711	6119
2864	6120
4451	6121
5318	6122
1515	6123
9636	6124
5270	6125
8135	6126
7244	6127
9473	6128
1053	6129
3491	6130
477	6131
2533	6132
1682	6133
6941	6134
8406	6135
7443	6136
9285	6137
6342	6138
3204	6139
8296	6140
1899	6141
3121	6142
846	6143
1560	6144
3434	6145
271	6146
3572	6147
9596	6148
2096	6149
358	6150
5769	6151
9065	6152
4074	6153
2464	6154
6760	6155
8721	6156
437	6157
8138	6158
2311	6159
6998	6160
5010	6161
3876	6162
2588	6163
7412	6164
4333	6165
8571	6166
8572	6167
115	6168
8287	6169
3337	6170
6478	6171
3122	6172
2271	6173
239	6174
7727	6175
9502	6176
446	6177
9657	6178
1439	6179
543	6180
502	6181
4556	6182
472	6183
5774	6184
4518	6185
3996	6186
5806	6187
418	6188
4786	6189
9518	6190
5588	6191
6156	6192
5156	6193
2812	6194
9156	6195
2738	6196
5570	6197
7767	6198
4142	6199
8996	6200
2025	6201
5168	6202
2723	6203
555	6204
4118	6205
1438	6206
7174	6207
5312	6208
6671	6209
653	6210
2627	6211
859	6212
2525	6213
8418	6214
1411	6215
4	6216
8278	6217
2260	6218
6463	6219
7834	6220
751	6221
6278	6222
2434	6223
2673	6224
9105	6225
2558	6226
1235	6227
9356	6228
3301	6229
7001	6230
8769	6231
481	6232
7681	6233
1277	6234
6107	6235
4325	6236
7745	6237
6065	6238
4441	6239
2186	6240
4410	6241
5377	6242
1394	6243
967	6244
5577	6245
3911	6246
4960	6247
6867	6248
7483	6249
3963	6250
1382	6251
6537	6252
6987	6253
235	6254
454	6255
3784	6256
2048	6257
587	6258
1089	6259
5067	6260
8219	6261
9096	6262
9519	6263
4897	6264
7071	6265
6207	6266
1457	6267
6642	6268
5145	6269
5529	6270
6993	6271
4068	6272
101	6273
504	6274
6024	6275
1114	6276
4008	6277
5945	6278
6345	6279
6339	6280
4841	6281
3797	6282
609	6283
529	6284
157	6285
7599	6286
530	6287
5327	6288
7413	6289
8440	6290
3644	6291
4144	6292
4230	6293
3063	6294
3565	6295
7540	6296
8928	6297
2140	6298
1615	6299
9385	6300
1532	6301
1128	6302
6544	6303
707	6304
816	6305
150	6306
6960	6307
2998	6308
5308	6309
2752	6310
8018	6311
2385	6312
8023	6313
6277	6314
7165	6315
17	6316
5645	6317
466	6318
5840	6319
6290	6320
6443	6321
5837	6322
3825	6323
2896	6324
8907	6325
3750	6326
3917	6327
366	6328
2436	6329
6682	6330
7818	6331
9461	6332
7894	6333
2514	6334
3539	6335
2542	6336
921	6337
484	6338
6634	6339
1891	6340
7366	6341
9486	6342
3724	6343
4273	6344
6875	6345
6733	6346
6799	6347
3551	6348
1203	6349
6103	6350
3116	6351
7840	6352
4098	6353
7283	6354
8863	6355
7648	6356
8179	6357
5812	6358
7754	6359
1768	6360
9650	6361
4474	6362
5214	6363
5790	6364
8995	6365
269	6366
2318	6367
7103	6368
460	6369
7736	6370
8420	6371
9272	6372
3540	6373
1757	6374
462	6375
7643	6376
4109	6377
8731	6378
5611	6379
1872	6380
256	6381
983	6382
3782	6383
8497	6384
3044	6385
3725	6386
8496	6387
9012	6388
4671	6389
6658	6390
8540	6391
7410	6392
8145	6393
9279	6394
7555	6395
8326	6396
4332	6397
1033	6398
7990	6399
4931	6400
8557	6401
5264	6402
3507	6403
6862	6404
6786	6405
7899	6406
4941	6407
6188	6408
8401	6409
3924	6410
9004	6411
5625	6412
8654	6413
2004	6414
3795	6415
596	6416
259	6417
1223	6418
5186	6419
6138	6420
219	6421
6613	6422
4043	6423
4958	6424
3131	6425
9648	6426
9320	6427
5744	6428
929	6429
6915	6430
126	6431
4122	6432
6124	6433
8168	6434
6506	6435
3065	6436
9099	6437
1230	6438
165	6439
977	6440
6374	6441
4377	6442
2860	6443
2836	6444
9068	6445
6035	6446
9239	6447
2831	6448
1032	6449
642	6450
6721	6451
2183	6452
5138	6453
8391	6454
7981	6455
7243	6456
1892	6457
6451	6458
7699	6459
7363	6460
5225	6461
8017	6462
895	6463
1182	6464
9512	6465
3367	6466
6150	6467
8582	6468
7568	6469
6121	6470
552	6471
186	6472
1300	6473
560	6474
3438	6475
185	6476
6979	6477
8404	6478
2630	6479
391	6480
338	6481
4413	6482
3386	6483
6471	6484
1293	6485
8846	6486
6182	6487
6009	6488
8597	6489
1567	6490
2381	6491
9083	6492
2676	6493
6002	6494
6561	6495
208	6496
3728	6497
416	6498
2313	6499
1582	6500
6269	6501
2	6502
8908	6503
3826	6504
6553	6505
2861	6506
313	6507
7744	6508
467	6509
8339	6510
5194	6511
9424	6512
9211	6513
8921	6514
8904	6515
2529	6516
8337	6517
7081	6518
9426	6519
5620	6520
693	6521
8536	6522
9460	6523
7687	6524
5400	6525
3582	6526
3078	6527
7866	6528
6391	6529
8568	6530
3034	6531
4842	6532
9586	6533
1812	6534
3793	6535
1084	6536
1307	6537
23	6538
277	6539
362	6540
7700	6541
380	6542
6731	6543
7446	6544
956	6545
291	6546
5011	6547
7258	6548
3178	6549
5087	6550
3556	6551
1308	6552
8233	6553
8535	6554
2160	6555
4722	6556
5104	6557
785	6558
8652	6559
7644	6560
626	6561
251	6562
1207	6563
7299	6564
169	6565
4631	6566
3471	6567
9580	6568
8771	6569
8302	6570
3356	6571
625	6572
4308	6573
1009	6574
8379	6575
6908	6576
6250	6577
5240	6578
9570	6579
4415	6580
6679	6581
4208	6582
5759	6583
7127	6584
1911	6585
2616	6586
6369	6587
8057	6588
1136	6589
2386	6590
1833	6591
6832	6592
5456	6593
6741	6594
9	6595
5665	6596
1908	6597
5245	6598
5920	6599
1570	6600
807	6601
8158	6602
682	6603
148	6604
8607	6605
1855	6606
6610	6607
4843	6608
5647	6609
6924	6610
838	6611
3975	6612
66	6613
80	6614
2176	6615
1248	6616
3707	6617
2765	6618
932	6619
1546	6620
7764	6621
2662	6622
7646	6623
1070	6624
1096	6625
1140	6626
1787	6627
7649	6628
7598	6629
8448	6630
3519	6631
8670	6632
7826	6633
4539	6634
4837	6635
8630	6636
1960	6637
3609	6638
9398	6639
157	6640
4774	6641
8655	6642
9052	6643
7422	6644
4501	6645
16	6646
2518	6647
5827	6648
144	6649
5644	6650
652	6651
9245	6652
348	6653
42	6654
4568	6655
9627	6656
9188	6657
3137	6658
207	6659
3685	6660
8034	6661
2856	6662
352	6663
6495	6664
6552	6665
6455	6666
6893	6667
3079	6668
3077	6669
4766	6670
4331	6671
4187	6672
433	6673
3998	6674
262	6675
278	6676
3461	6677
637	6678
4442	6679
2133	6680
1724	6681
7010	6682
3238	6683
7475	6684
3150	6685
4314	6686
2535	6687
4822	6688
6315	6689
5470	6690
3783	6691
7782	6692
5451	6693
6208	6694
1707	6695
90	6696
2668	6697
7386	6698
8752	6699
2078	6700
9268	6701
49	6702
1356	6703
6659	6704
224	6705
9555	6706
30	6707
5493	6708
8080	6709
770	6710
3765	6711
7424	6712
1333	6713
9140	6714
7447	6715
5939	6716
6105	6717
8381	6718
292	6719
3196	6720
5839	6721
5820	6722
270	6723
8372	6724
4536	6725
5986	6726
5280	6727
8823	6728
7653	6729
1126	6730
2276	6731
5047	6732
1240	6733
964	6734
4173	6735
8668	6736
5249	6737
9357	6738
2822	6739
5845	6740
8174	6741
794	6742
3689	6743
950	6744
6705	6745
61	6746
9479	6747
5512	6748
1017	6749
6638	6750
3101	6751
782	6752
7513	6753
9569	6754
3499	6755
3856	6756
2829	6757
6938	6758
221	6759
3146	6760
46	6761
7315	6762
7781	6763
113	6764
1145	6765
8407	6766
3874	6767
6764	6768
7409	6769
6229	6770
2838	6771
7320	6772
7234	6773
9240	6774
3205	6775
5869	6776
3198	6777
8066	6778
1824	6779
3888	6780
6986	6781
650	6782
5224	6783
7073	6784
6144	6785
132	6786
8687	6787
531	6788
6597	6789
7209	6790
3955	6791
1949	6792
1819	6793
544	6794
4271	6795
2526	6796
8891	6797
6546	6798
7340	6799
4223	6800
9481	6801
8046	6802
3599	6803
1113	6804
8461	6805
8214	6806
6522	6807
1388	6808
4058	6809
1557	6810
5807	6811
7811	6812
5793	6813
4021	6814
7085	6815
3901	6816
8058	6817
9381	6818
1995	6819
2893	6820
598	6821
5185	6822
7662	6823
7032	6824
5912	6825
426	6826
3711	6827
3152	6828
5648	6829
2072	6830
7597	6831
4538	6832
3494	6833
9033	6834
3616	6835
4191	6836
5053	6837
6828	6838
1930	6839
1927	6840
356	6841
1845	6842
3305	6843
1278	6844
6410	6845
546	6846
916	6847
3989	6848
8563	6849
7515	6850
2177	6851
6032	6852
6078	6853
3128	6854
4771	6855
2446	6856
4345	6857
590	6858
5947	6859
7425	6860
4121	6861
2507	6862
636	6863
373	6864
1385	6865
2184	6866
1997	6867
434	6868
5102	6869
2556	6870
328	6871
5353	6872
1878	6873
355	6874
5304	6875
4742	6876
1923	6877
8294	6878
6353	6879
3319	6880
5360	6881
8299	6882
1023	6883
6591	6884
7029	6885
7212	6886
5857	6887
8056	6888
8187	6889
6712	6890
9059	6891
8376	6892
605	6893
7855	6894
196	6895
9115	6896
2336	6897
676	6898
8923	6899
7961	6900
5909	6901
6440	6902
4656	6903
8915	6904
5641	6905
5517	6906
5417	6907
4833	6908
229	6909
11	6910
6256	6911
5022	6912
3978	6913
7884	6914
7330	6915
6481	6916
2910	6917
696	6918
8545	6919
500	6920
611	6921
953	6922
28	6923
7618	6924
1227	6925
14	6926
4439	6927
1189	6928
8154	6929
9656	6930
2	6931
7784	6932
192	6933
3060	6934
293	6935
8862	6936
528	6937
6625	6938
6450	6939
4876	6940
798	6941
6202	6942
8357	6943
8360	6944
6460	6945
164	6946
2873	6947
8156	6948
7183	6949
1867	6950
9120	6951
6389	6952
7119	6953
4549	6954
5458	6955
659	6956
787	6957
5374	6958
1674	6959
8858	6960
5495	6961
9205	6962
7660	6963
6632	6964
6490	6965
827	6966
8267	6967
4137	6968
8623	6969
8739	6970
4255	6971
1134	6972
2783	6973
6039	6974
4894	6975
5911	6976
4341	6977
9360	6978
2139	6979
1548	6980
5013	6981
2880	6982
4653	6983
2790	6984
89	6985
3007	6986
6696	6987
6533	6988
7238	6989
2017	6990
1536	6991
8845	6992
3867	6993
4963	6994
1213	6995
1837	6996
5119	6997
6882	6998
7908	6999
9403	7000
768	7001
5675	7002
7180	7003
5042	7004
7793	7005
6303	7006
266	7007
4252	7008
8196	7009
2484	7010
7079	7011
4575	7012
8677	7013
1480	7014
1946	7015
3211	7016
3869	7017
6446	7018
8236	7019
9165	7020
5747	7021
3546	7022
5667	7023
2640	7024
8877	7025
4492	7026
3822	7027
7666	7028
880	7029
94	7030
2584	7031
76	7032
8469	7033
2924	7034
251	7035
5395	7036
7825	7037
3858	7038
4555	7039
4161	7040
3727	7041
1726	7042
1328	7043
8047	7044
6747	7045
7191	7046
2320	7047
6010	7048
3603	7049
7329	7050
5782	7051
2365	7052
9457	7053
4431	7054
3824	7055
8510	7056
711	7057
5654	7058
5444	7059
1495	7060
4403	7061
9458	7062
4756	7063
2273	7064
5547	7065
4081	7066
2547	7067
8494	7068
1614	7069
3464	7070
6507	7071
2321	7072
7276	7073
2414	7074
6767	7075
7850	7076
1360	7077
7753	7078
9058	7079
8503	7080
6429	7081
8243	7082
286	7083
7371	7084
5768	7085
1483	7086
5874	7087
4023	7088
2580	7089
8574	7090
8653	7091
1993	7092
5424	7093
276	7094
3273	7095
3358	7096
2034	7097
7405	7098
1415	7099
5848	7100
7845	7101
2991	7102
665	7103
5564	7104
8096	7105
7468	7106
7801	7107
3531	7108
8021	7109
3861	7110
2807	7111
2994	7112
5263	7113
3105	7114
5922	7115
36	7116
7088	7117
574	7118
6702	7119
1538	7120
3513	7121
9652	7122
5799	7123
828	7124
3161	7125
6195	7126
3674	7127
8937	7128
349	7129
5746	7130
7060	7131
5938	7132
4867	7133
1181	7134
8282	7135
4243	7136
8264	7137
1691	7138
5134	7139
9000	7140
8562	7141
5207	7142
4443	7143
8619	7144
8744	7145
2157	7146
572	7147
602	7148
26	7149
1500	7150
8894	7151
532	7152
533	7153
213	7154
8824	7155
5996	7156
7327	7157
5523	7158
3329	7159
8948	7160
688	7161
253	7162
5459	7163
7133	7164
8523	7165
3206	7166
3127	7167
3363	7168
6020	7169
5615	7170
154	7171
7142	7172
3055	7173
3013	7174
84	7175
8609	7176
1676	7177
3672	7178
4895	7179
7339	7180
4604	7181
1703	7182
1176	7183
15	7184
6436	7185
8675	7186
6573	7187
5752	7188
8973	7189
1894	7190
1076	7191
5341	7192
8549	7193
2090	7194
7741	7195
1122	7196
7543	7197
3210	7198
3249	7199
6400	7200
8864	7201
6087	7202
3807	7203
3282	7204
4532	7205
1531	7206
4448	7207
4613	7208
2194	7209
6106	7210
4562	7211
4948	7212
4889	7213
5106	7214
129	7215
9087	7216
2257	7217
6402	7218
2597	7219
7816	7220
4445	7221
5598	7222
7368	7223
1649	7224
4943	7225
1681	7226
4440	7227
6114	7228
4640	7229
3967	7230
4595	7231
4596	7232
8539	7233
5311	7234
4070	7235
3230	7236
5133	7237
2014	7238
3247	7239
4950	7240
3393	7241
1939	7242
2970	7243
2646	7244
5153	7245
1784	7246
761	7247
3805	7248
3744	7249
19	7250
5128	7251
4405	7252
1992	7253
9547	7254
2032	7255
3409	7256
2359	7257
8075	7258
4612	7259
2906	7260
5062	7261
8483	7262
6543	7263
5955	7264
2721	7265
841	7266
5294	7267
6868	7268
8322	7269
4755	7270
9491	7271
7972	7272
9411	7273
5382	7274
7224	7275
1584	7276
6149	7277
4932	7278
9391	7279
6678	7280
9027	7281
1138	7282
7943	7283
3947	7284
680	7285
7406	7286
9226	7287
8054	7288
9541	7289
2874	7290
5878	7291
1873	7292
3665	7293
3252	7294
2103	7295
6982	7296
3819	7297
7504	7298
1910	7299
5448	7300
8191	7301
2057	7302
4020	7303
5454	7304
9416	7305
5449	7306
3654	7307
9292	7308
1802	7309
4589	7310
4060	7311
3100	7312
4222	7313
756	7314
7376	7315
9464	7316
1850	7317
272	7318
8361	7319
1423	7320
5555	7321
4038	7322
4548	7323
6416	7324
4649	7325
2413	7326
1803	7327
8790	7328
773	7329
2885	7330
2249	7331
2005	7332
70	7333
2121	7334
9121	7335
3326	7336
5018	7337
4797	7338
4483	7339
8392	7340
3414	7341
4280	7342
3435	7343
2452	7344
1902	7345
6297	7346
103	7347
2418	7348
3751	7349
7049	7350
7771	7351
158	7352
6153	7353
6477	7354
7879	7355
8123	7356
4	7357
2993	7358
7651	7359
3378	7360
4493	7361
3199	7362
4167	7363
2898	7364
9418	7365
4005	7366
4543	7367
7101	7368
6139	7369
5879	7370
7968	7371
7934	7372
5673	7373
2685	7374
6197	7375
1838	7376
3056	7377
3745	7378
8172	7379
4247	7380
4624	7381
2656	7382
1909	7383
4462	7384
4591	7385
2304	7386
9637	7387
8942	7388
1116	7389
2511	7390
4661	7391
3548	7392
7378	7393
8274	7394
7521	7395
6717	7396
5824	7397
1820	7398
6580	7399
9173	7400
7208	7401
8564	7402
4343	7403
2233	7404
4166	7405
1797	7406
4357	7407
7839	7408
4432	7409
9435	7410
8275	7411
1297	7412
7923	7413
5126	7414
1361	7415
4133	7416
7552	7417
4926	7418
2075	7419
1270	7420
5209	7421
4791	7422
6210	7423
7118	7424
3209	7425
7758	7426
4696	7427
9298	7428
3501	7429
8470	7430
7438	7431
681	7432
2267	7433
8412	7434
5024	7435
8707	7436
4491	7437
737	7438
1068	7439
4840	7440
4229	7441
1094	7442
3973	7443
6911	7444
2720	7445
3915	7446
4356	7447
2955	7448
3067	7449
1870	7450
4844	7451
571	7452
4845	7453
128	7454
2892	7455
2435	7456
9291	7457
7916	7458
1332	7459
2380	7460
8754	7461
3053	7462
4801	7463
2447	7464
2726	7465
862	7466
3570	7467
1598	7468
7076	7469
3258	7470
3369	7471
3692	7472
2222	7473
9328	7474
7726	7475
5700	7476
2126	7477
3033	7478
5904	7479
3149	7480
4233	7481
2088	7482
8126	7483
3370	7484
5760	7485
7891	7486
8661	7487
4391	7488
2975	7489
7075	7490
4003	7491
8750	7492
1612	7493
2210	7494
1857	7495
1982	7496
2243	7497
1604	7498
5178	7499
1564	7500
7993	7501
738	7502
118	7503
4560	7504
1156	7505
4127	7506
4792	7507
855	7508
3939	7509
5069	7510
2335	7511
8682	7512
8367	7513
2002	7514
9659	7515
1842	7516
662	7517
6322	7518
8203	7519
2167	7520
5969	7521
5313	7522
3979	7523
5401	7524
3763	7525
7342	7526
5566	7527
6945	7528
7626	7529
4372	7530
7992	7531
8952	7532
2371	7533
2231	7534
4795	7535
1782	7536
5187	7537
9183	7538
2746	7539
750	7540
9459	7541
5742	7542
5716	7543
5748	7544
5714	7545
5729	7546
5689	7547
658	7548
6797	7549
7312	7550
3520	7551
5407	7552
4818	7553
3058	7554
7917	7555
2293	7556
3511	7557
3169	7558
5151	7559
5835	7560
7773	7561
1706	7562
8244	7563
7479	7564
2602	7565
8795	7566
1990	7567
5097	7568
8003	7569
7947	7570
5404	7571
4390	7572
110	7573
8446	7574
6092	7575
6145	7576
6401	7577
9413	7578
2274	7579
2107	7580
9429	7581
8231	7582
6609	7583
4838	7584
8400	7585
7106	7586
1558	7587
4416	7588
5340	7589
8341	7590
3283	7591
67	7592
222	7593
8242	7594
3921	7595
5485	7596
6118	7597
5562	7598
7305	7599
9208	7600
8131	7601
619	7602
6865	7603
4964	7604
8949	7605
1912	7606
746	7607
9484	7608
7635	7609
9386	7610
5	7611
5	7612
9227	7613
6981	7614
9490	7615
7841	7616
8644	7617
585	7618
7056	7619
4617	7620
633	7621
257	7622
955	7623
8354	7624
5290	7625
4374	7626
4322	7627
5157	7628
411	7629
6	7630
9331	7631
8608	7632
8320	7633
8709	7634
3467	7635
797	7636
8692	7637
2459	7638
1259	7639
2238	7640
4315	7641
1102	7642
5966	7643
3241	7644
4558	7645
4502	7646
5310	7647
8068	7648
2354	7649
719	7650
129	7651
8946	7652
4922	7653
1090	7654
6715	7655
1799	7656
8551	7657
284	7658
5007	7659
9317	7660
1641	7661
6771	7662
5149	7663
5629	7664
9341	7665
2857	7666
3630	7667
76	7668
1463	7669
5715	7670
6560	7671
5434	7672
2123	7673
2638	7674
5195	7675
4881	7676
6803	7677
184	7678
557	7679
5335	7680
7537	7681
3470	7682
3425	7683
5468	7684
2799	7685
4346	7686
283	7687
4417	7688
6685	7689
826	7690
8749	7691
9562	7692
2644	7693
3974	7694
3272	7695
6652	7696
7930	7697
8620	7698
3638	7699
4626	7700
4065	7701
8037	7702
5305	7703
7630	7704
9585	7705
9094	7706
5525	7707
3332	7708
1879	7709
5041	7710
6331	7711
1350	7712
5283	7713
431	7714
8295	7715
2062	7716
8290	7717
6724	7718
9470	7719
9581	7720
3791	7721
6037	7722
7965	7723
9109	7724
2941	7725
6439	7726
5931	7727
9085	7728
5531	7729
2927	7730
7867	7731
6538	7732
7377	7733
8383	7734
7938	7735
3302	7736
1313	7737
9254	7738
6781	7739
8816	7740
389	7741
1660	7742
2044	7743
5834	7744
2622	7745
985	7746
4989	7747
9503	7748
3214	7749
3498	7750
8241	7751
4866	7752
9452	7753
1728	7754
3383	7755
3324	7756
4739	7757
3988	7758
8200	7759
7228	7760
1652	7761
5971	7762
4586	7763
5388	7764
2230	7765
6373	7766
2744	7767
4497	7768
2015	7769
5851	7770
3583	7771
222	7772
7852	7773
4528	7774
5707	7775
9255	7776
3573	7777
698	7778
8250	7779
8493	7780
7672	7781
1737	7782
7188	7783
4860	7784
8895	7785
3083	7786
8727	7787
4286	7788
727	7789
3404	7790
5658	7791
4320	7792
1390	7793
8696	7794
3952	7795
9077	7796
5139	7797
1440	7798
2946	7799
8576	7800
2240	7801
5664	7802
7196	7803
7663	7804
1578	7805
1485	7806
6026	7807
5630	7808
7360	7809
4487	7810
993	7811
6592	7812
5348	7813
8902	7814
162	7815
9543	7816
535	7817
3038	7818
527	7819
1097	7820
3642	7821
522	7822
539	7823
1739	7824
520	7825
1378	7826
1354	7827
1352	7828
1326	7829
969	7830
1329	7831
1405	7832
1331	7833
971	7834
1133	7835
1462	7836
968	7837
1601	7838
1330	7839
1351	7840
1459	7841
972	7842
1460	7843
1433	7844
447	7845
620	7846
545	7847
541	7848
617	7849
4882	7850
4891	7851
2709	7852
8896	7853
2503	7854
7316	7855
8807	7856
274	7857
4921	7858
4924	7859
8804	7860
4953	7861
4916	7862
4846	7863
4790	7864
7113	7865
9539	7866
1499	7867
3525	7868
7318	7869
7313	7870
6518	7871
3680	7872
7091	7873
7160	7874
6557	7875
1626	7876
2	7877
8556	7878
8001	7879
6980	7880
1783	7881
7450	7882
7952	7883
6388	7884
2717	7885
9217	7886
2372	7887
5865	7888
6542	7889
871	7890
1788	7891
1738	7892
4232	7893
7951	7894
5612	7895
7864	7896
2374	7897
5510	7898
3433	7899
3600	7900
2759	7901
5720	7902
7291	7903
9020	7904
2205	7905
2468	7906
8149	7907
3684	7908
4782	7909
5460	7910
5660	7911
5818	7912
1317	7913
6984	7914
877	7915
7617	7916
7383	7917
4641	7918
4129	7919
5670	7920
9661	7921
4402	7922
4940	7923
5295	7924
2472	7925
4723	7926
8578	7927
48	7928
2297	7929
7179	7930
9259	7931
360	7932
243	7933
8909	7934
4794	7935
2295	7936
5219	7937
4298	7938
3236	7939
7293	7940
2373	7941
8402	7942
5065	7943
4004	7944
85	7945
4409	7946
9225	7947
8628	7948
3423	7949
1127	7950
4615	7951
6529	7952
8889	7953
2940	7954
1883	7955
7459	7956
7480	7957
2420	7958
5764	7959
2360	7960
409	7961
1024	7962
2659	7963
7582	7964
270	7965
733	7966
7770	7967
2272	7968
4716	7969
7247	7970
2592	7971
8124	7972
2405	7973
2268	7974
2193	7975
1976	7976
9466	7977
2716	7978
7872	7979
4170	7980
4804	7981
8027	7982
7034	7983
119	7984
2670	7985
6456	7986
82	7987
7827	7988
5536	7989
2396	7990
9600	7991
6709	7992
7634	7993
135	7994
7633	7995
1072	7996
2026	7997
4089	7998
6629	7999
724	8000
5034	8001
4148	8002
5202	8003
155	8004
123	8005
5785	8006
2889	8007
2456	8008
8000	8009
6489	8010
1785	8011
4407	8012
6212	8013
7755	8014
1153	8015
8526	8016
2899	8017
7087	8018
2481	8019
5999	8020
9221	8021
8837	8022
5479	8023
5684	8024
9202	8025
9017	8026
3323	8027
8665	8028
4747	8029
6517	8030
7887	8031
6504	8032
1279	8033
4268	8034
3418	8035
9	8036
4427	8037
9247	8038
9029	8039
4435	8040
5627	8041
7161	8042
5237	8043
8506	8044
7052	8045
3349	8046
7217	8047
7608	8048
7893	8049
9456	8050
8747	8051
7280	8052
1139	8053
4182	8054
7131	8055
778	8056
5321	8057
6532	8058
6347	8059
823	8060
4975	8061
7996	8062
2537	8063
4928	8064
1901	8065
9324	8066
7670	8067
6258	8068
6464	8069
8985	8070
4729	8071
4540	8072
7187	8073
2237	8074
4446	8075
2796	8076
7347	8077
2847	8078
2782	8079
9036	8080
2595	8081
8827	8082
3668	8083
5861	8084
5514	8085
7619	8086
9200	8087
4585	8088
1720	8089
7193	8090
8333	8091
6452	8092
4873	8093
5325	8094
1756	8095
6801	8096
4034	8097
4637	8098
4902	8099
3688	8100
6054	8101
2823	8102
4996	8103
2732	8104
2058	8105
96	8106
6879	8107
4955	8108
3676	8109
8712	8110
1708	8111
7510	8112
4839	8113
5203	8114
6977	8115
3980	8116
7790	8117
814	8118
8868	8119
327	8120
5535	8121
6558	8122
1147	8123
7969	8124
1746	8125
2521	8126
2958	8127
6023	8128
593	8129
2019	8130
7343	8131
7941	8132
8797	8133
6513	8134
3703	8135
6858	8136
5718	8137
3940	8138
7522	8139
8855	8140
3892	8141
9369	8142
4984	8143
31	8144
3810	8145
3586	8146
3986	8147
9431	8148
2145	8149
176	8150
4059	8151
1684	8152
9496	8153
742	8154
4912	8155
4513	8156
8866	8157
4994	8158
8347	8159
8432	8160
721	8161
53	8162
7590	8163
8590	8164
5111	8165
4899	8166
12	8167
3036	8168
5038	8169
6444	8170
8774	8171
7603	8172
8983	8173
245	8174
8650	8175
250	8176
3183	8177
1047	8178
9399	8179
4977	8180
3533	8181
9338	8182
4668	8183
5066	8184
4110	8185
8778	8186
6029	8187
7906	8188
752	8189
4100	8190
9098	8191
7558	8192
288	8193
3316	8194
4788	8195
4180	8196
7132	8197
1193	8198
8437	8199
4570	8200
2041	8201
6141	8202
464	8203
5558	8204
4406	8205
8940	8206
2887	8207
8802	8208
146	8209
1777	8210
8803	8211
4126	8212
7691	8213
5078	8214
8334	8215
4047	8216
4647	8217
483	8218
5696	8219
1309	8220
6186	8221
6255	8222
6407	8223
1716	8224
3993	8225
8672	8226
8583	8227
7645	8228
2725	8229
2990	8230
9622	8231
832	8232
6201	8233
4158	8234
1376	8235
4190	8236
9377	8237
7638	8238
7747	8239
3631	8240
2704	8241
6643	8242
1077	8243
1283	8244
6917	8245
1262	8246
8410	8247
5788	8248
7225	8249
2141	8250
1600	8251
4979	8252
8737	8253
9463	8254
6312	8255
9372	8256
1066	8257
4516	8258
6677	8259
9179	8260
8163	8261
5023	8262
2493	8263
1705	8264
6193	8265
5429	8266
5695	8267
3971	8268
5355	8269
1721	8270
2713	8271
7415	8272
3691	8273
3154	8274
3626	8275
2187	8276
2995	8277
3478	8278
8962	8279
2492	8280
4534	8281
8906	8282
5885	8283
3529	8284
1216	8285
2437	8286
2156	8287
1109	8288
225	8289
1429	8290
2894	8291
700	8292
6466	8293
3588	8294
170	8295
25	8296
9310	8297
994	8298
4692	8299
9147	8300
7549	8301
6713	8302
8881	8303
8918	8304
5977	8305
1791	8306
7137	8307
6073	8308
2487	8309
2828	8310
3385	8311
8912	8312
8077	8313
8411	8314
9408	8315
8629	8316
8165	8317
7267	8318
4111	8319
410	8320
4707	8321
875	8322
5250	8323
8184	8324
3661	8325
8878	8326
5223	8327
5816	8328
2409	8329
8825	8330
8625	8331
9616	8332
1311	8333
2531	8334
6520	8335
37	8336
1973	8337
1673	8338
8955	8339
5549	8340
8197	8341
2391	8342
4643	8343
7465	8344
4210	8345
4013	8346
5983	8347
5132	8348
3191	8349
9166	8350
1016	8351
5849	8352
5215	8353
6215	8354
8592	8355
1020	8356
3437	8357
65	8358
1342	8359
7346	8360
1609	8361
9214	8362
5698	8363
7398	8364
152	8365
9329	8366
6896	8367
1365	8368
9117	8369
3257	8370
2813	8371
3014	8372
52	8373
208	8374
4815	8375
6500	8376
7226	8377
8669	8378
9477	8379
8897	8380
8092	8381
1730	8382
2877	8383
1420	8384
1616	8385
3193	8386
2589	8387
9074	8388
6768	8389
276	8390
2801	8391
1617	8392
5455	8393
4655	8394
3648	8395
1796	8396
4834	8397
4296	8398
1430	8399
8811	8400
8716	8401
4798	8402
9344	8403
7356	8404
6514	8405
836	8406
8487	8407
3845	8408
3115	8409
2645	8410
8585	8411
1800	8412
3098	8413
2647	8414
3696	8415
5833	8416
4578	8417
3709	8418
7200	8419
3490	8420
71	8421
2502	8422
6056	8423
3175	8424
4447	8425
5678	8426
4713	8427
1487	8428
4976	8429
3484	8430
1643	8431
1736	8432
4823	8433
1761	8434
3331	8435
5370	8436
93	8437
7	8438
8813	8439
3153	8440
6340	8441
6614	8442
69	8443
582	8444
7381	8445
6992	8446
6782	8447
133	8448
4165	8449
4907	8450
6822	8451
758	8452
6934	8453
3594	8454
8961	8455
5184	8456
8159	8457
6568	8458
6349	8459
5075	8460
5079	8461
5140	8462
3732	8463
3620	8464
2872	8465
4419	8466
6530	8467
253	8468
7759	8469
1752	8470
2951	8471
3391	8472
4627	8473
2027	8474
5146	8475
4697	8476
1907	8477
6084	8478
2264	8479
3397	8480
8224	8481
3705	8482
2189	8483
3454	8484
2411	8485
8829	8486
7069	8487
8433	8488
2228	8489
2042	8490
6168	8491
9106	8492
7606	8493
5494	8494
6618	8495
2978	8496
5859	8497
3695	8498
8529	8499
6213	8500
5797	8501
5515	8502
7251	8503
7294	8504
4750	8505
3882	8506
8839	8507
4478	8508
4009	8509
9162	8510
1747	8511
131	8512
8519	8513
1522	8514
1166	8515
2127	8516
8292	8517
8950	8518
757	8519
4033	8520
5466	8521
5913	8522
8417	8523
3809	8524
6598	8525
8291	8526
4354	8527
6656	8528
8431	8529
6306	8530
8195	8531
1368	8532
3421	8533
3452	8534
8791	8535
4811	8536
4611	8537
3129	8538
171	8539
8427	8540
5217	8541
1513	8542
254	8543
2259	8544
4429	8545
2775	8546
6795	8547
7566	8548
6	8549
137	8550
3039	8551
7139	8552
6831	8553
3878	8554
1895	8555
1807	8556
1988	8557
4885	8558
7248	8559
8914	8560
5241	8561
8820	8562
148	8563
7403	8564
3987	8565
7429	8566
2634	8567
2871	8568
5442	8569
274	8570
8861	8571
4608	8572
7277	8573
8579	8574
1762	8575
8040	8576
6793	8577
9606	8578
2444	8579
2110	8580
6762	8581
5445	8582
674	8583
9516	8584
5088	8585
829	8586
4584	8587
2491	8588
1639	8589
1529	8590
4174	8591
7949	8592
2073	8593
2715	8594
8069	8595
6515	8596
1903	8597
8457	8598
1422	8599
8490	8600
2438	8601
7020	8602
97	8603
3402	8604
9231	8605
3106	8606
8415	8607
5171	8608
9321	8609
3392	8610
5278	8611
1821	8612
2410	8613
7696	8614
3277	8615
8301	8616
4992	8617
8648	8618
1111	8619
556	8620
8957	8621
639	8622
5254	8623
5314	8624
6878	8625
7944	8626
4457	8627
3604	8628
2552	8629
1007	8630
3811	8631
8103	8632
7164	8633
3410	8634
354	8635
8922	8636
790	8637
5122	8638
2266	8639
1431	8640
4444	8641
9263	8642
4625	8643
3802	8644
4945	8645
9407	8646
1245	8647
6579	8648
2751	8649
114	8650
206	8651
2707	8652
8166	8653
6487	8654
1238	8655
6263	8656
6631	8657
7518	8658
3679	8659
4117	8660
5527	8661
8061	8662
9161	8663
2536	8664
8331	8665
2617	8666
3412	8667
6874	8668
1840	8669
5035	8670
3682	8671
5009	8672
6531	8673
2761	8674
3941	8675
1057	8676
240	8677
4946	8678
7485	8679
2969	8680
5876	8681
6126	8682
4283	8683
592	8684
1419	8685
9370	8686
8525	8687
8350	8688
2753	8689
7136	8690
7286	8691
1741	8692
8734	8693
4349	8694
2641	8695
4131	8696
3428	8697
8617	8698
4525	8699
2741	8700
4083	8701
3890	8702
2739	8703
6836	8704
4715	8705
387	8706
4605	8707
7203	8708
5125	8709
8277	8710
2544	8711
5063	8712
2777	8713
5724	8714
9404	8715
1319	8716
2881	8717
8963	8718
1729	8719
8799	8720
1662	8721
8405	8722
2045	8723
7858	8724
9181	8725
813	8726
4999	8727
48	8728
1163	8729
8989	8730
5787	8731
4810	8732
2565	8733
1239	8734
9664	8735
1864	8736
5298	8737
2324	8738
6049	8739
5883	8740
6888	8741
4601	8742
2060	8743
4861	8744
180	8745
8767	8746
6267	8747
7397	8748
9009	8749
887	8750
550	8751
1516	8752
4694	8753
4831	8754
6242	8755
3027	8756
1950	8757
1445	8758
3905	8759
9136	8760
7820	8761
4812	8762
8173	8763
8969	8764
4352	8765
8208	8766
4768	8767
9081	8768
2350	8769
2629	8770
4064	8771
6262	8772
3232	8773
7885	8774
8272	8775
4749	8776
1981	8777
7011	8778
7111	8779
5901	8780
3023	8781
6325	8782
8880	8783
7353	8784
7760	8785
3687	8786
5875	8787
7685	8788
1436	8789
8581	8790
3466	8791
8020	8792
3786	8793
6055	8794
4368	8795
6565	8796
3912	8797
9480	8798
9064	8799
6067	8800
4503	8801
6152	8802
1594	8803
6701	8804
8288	8805
7804	8806
1645	8807
803	8808
9537	8809
3773	8810
4337	8811
2161	8812
4189	8813
6372	8814
3569	8815
2196	8816
9063	8817
2154	8818
5175	8819
2055	8820
1668	8821
5540	8822
9294	8823
1831	8824
1196	8825
6574	8826
2841	8827
5604	8828
6068	8829
9022	8830
5226	8831
8024	8832
7629	8833
1041	8834
8643	8835
591	8836
7772	8837
29	8838
8975	8839
2633	8840
2225	8841
9111	8842
2621	8843
2923	8844
2530	8845
9393	8846
6898	8847
4602	8848
8697	8849
1839	8850
3486	8851
5472	8852
7027	8853
5296	8854
3735	8855
2291	8856
7997	8857
3552	8858
3080	8859
3312	8860
1915	8861
2310	8862
4879	8863
6857	8864
9447	8865
4455	8866
9243	8867
469	8868
1038	8869
4700	8870
4817	8871
187	8872
3087	8873
4101	8874
4414	8875
3997	8876
6341	8877
9258	8878
1452	8879
7311	8880
1148	8881
3903	8882
4635	8883
3389	8884
5823	8885
2688	8886
6001	8887
440	8888
1523	8889
8859	8890
9390	8891
3030	8892
4726	8893
79	8894
5136	8895
1675	8896
618	8897
6244	8898
6773	8899
965	8900
2619	8901
1010	8902
7041	8903
2111	8904
4974	8905
6849	8906
6976	8907
6414	8908
6117	8909
3983	8910
6019	8911
7689	8912
3936	8913
7674	8914
1296	8915
4036	8916
6707	8917
8285	8918
2891	8919
4557	8920
2737	8921
17	8922
3374	8923
134	8924
2037	8925
3943	8926
7007	8927
8758	8928
32	8929
3119	8930
1543	8931
801	8932
8213	8933
3828	8934
4169	8935
7204	8936
3798	8937
346	8938
1943	8939
1624	8940
3576	8941
1427	8942
5928	8943
4108	8944
5020	8945
2269	8946
6285	8947
35	8948
6040	8949
5924	8950
1303	8951
3052	8952
800	8953
5583	8954
6872	8955
8660	8956
8728	8957
3645	8958
7400	8959
5554	8960
4910	8961
5352	8962
2764	8963
9045	8964
5537	8965
8676	8966
912	8967
8148	8968
9548	8969
1158	8970
3407	8971
5103	8972
5908	8973
9577	8974
8033	8975
4329	8976
3789	8977
5628	8978
2457	8979
5887	8980
4789	8981
264	8982
3439	8983
2623	8984
4468	8985
4821	8986
4772	8987
7004	8988
89	8989
4149	8990
20	8991
9440	8992
7595	8993
254	8994
9193	8995
3590	8996
4681	8997
2124	8998
273	8999
3868	9000
1338	9001
3990	9002
7482	9003
8547	9004
9223	9005
272	9006
7317	9007
6159	9008
7053	9009
6082	9010
2806	9011
2610	9012
8761	9013
9283	9014
8967	9015
843	9016
8748	9017
7490	9018
7408	9019
8838	9020
6409	9021
9040	9022
5671	9023
1260	9024
3770	9025
9412	9026
9524	9027
127	9028
2996	9029
5405	9030
584	9031
667	9032
271	9033
2936	9034
53	9035
2774	9036
1337	9037
3962	9038
9340	9039
1406	9040
7308	9041
1621	9042
872	9043
3959	9044
3227	9045
4460	9046
6323	9047
1561	9048
621	9049
5982	9050
3126	9051
1191	9052
8558	9053
6100	9054
1064	9055
3159	9056
3578	9057
7141	9058
4708	9059
4609	9060
7737	9061
6680	9062
2317	9063
7023	9064
4092	9065
267	9066
3046	9067
6569	9068
4832	9069
6417	9070
6662	9071
30	9072
473	9073
5727	9074
4239	9075
3287	9076
2029	9077
1984	9078
8147	9079
57	9080
6392	9081
3081	9082
14	9083
8105	9084
8565	9085
7547	9086
8409	9087
26	9088
1186	9089
8715	9090
6137	9091
2907	9092
4915	9093
3954	9094
8570	9095
5586	9096
4908	9097
104	9098
4710	9099
9655	9100
9210	9101
3018	9102
3262	9103
9035	9104
6422	9105
7162	9106
7100	9107
805	9108
9643	9109
6399	9110
1470	9111
1628	9112
6921	9113
9602	9114
6582	9115
878	9116
7040	9117
1638	9118
3082	9119
7625	9120
7302	9121
7144	9122
3509	9123
8941	9124
7350	9125
3476	9126
7298	9127
2453	9128
7078	9129
4510	9130
4104	9131
4364	9132
1822	9133
8336	9134
4046	9135
6143	9136
6667	9137
4192	9138
1518	9139
2937	9140
29	9141
7062	9142
2655	9143
3429	9144
5532	9145
2241	9146
2733	9147
226	9148
4376	9149
4112	9150
2669	9151
5640	9152
2608	9153
7779	9154
7735	9155
9028	9156
744	9157
2080	9158
3715	9159
6562	9160
3592	9161
3956	9162
8031	9163
8775	9164
6313	9165
3073	9166
102	9167
4276	9168
684	9169
8359	9170
3445	9171
2319	9172
815	9173
4207	9174
2572	9175
1412	9176
6805	9177
5253	9178
6710	9179
6722	9180
24	9181
3274	9182
1409	9183
6016	9184
5504	9185
1846	9186
995	9187
4892	9188
7370	9189
5722	9190
4408	9191
6855	9192
159	9193
9380	9194
7999	9195
3877	9196
9361	9197
6684	9198
2754	9199
109	9200
109	9201
8822	9202
8116	9203
5632	9204
904	9205
8152	9206
7550	9207
5427	9208
6774	9209
3011	9210
3155	9211
5113	9212
8109	9213
3693	9214
5622	9215
2513	9216
7211	9217
6473	9218
4467	9219
1291	9220
6823	9221
6850	9222
4032	9223
5121	9224
2351	9225
2303	9226
1253	9227
8772	9228
4672	9229
884	9230
8924	9231
230	9232
415	9233
1890	9234
5277	9235
3579	9236
7920	9237
5130	9238
4803	9239
3549	9240
3562	9241
3697	9242
4686	9243
5822	9244
5896	9245
7220	9246
7321	9247
1711	9248
3834	9249
8221	9250
6759	9251
3865	9252
7778	9253
9220	9254
8959	9255
6742	9256
4171	9257
6772	9258
6744	9259
6602	9260
111	9261
3879	9262
2626	9263
4037	9264
3667	9265
9394	9266
6358	9267
5372	9268
5734	9269
4470	9270
5182	9271
9442	9272
7019	9273
317	9274
1759	9275
8876	9276
81	9277
7623	9278
361	9279
8679	9280
7940	9281
7184	9282
2805	9283
689	9284
7578	9285
3934	9286
3015	9287
1327	9288
9092	9289
8893	9290
7477	9291
8486	9292
284	9293
5643	9294
2197	9295
4236	9296
5243	9297
7979	9298
3217	9299
1107	9300
9061	9301
5380	9302
5761	9303
1237	9304
8765	9305
3508	9306
6930	9307
5930	9308
6649	9309
476	9310
1888	9311
5381	9312
7222	9313
6480	9314
7214	9315
3785	9316
7033	9317
154	9318
195	9319
5162	9320
3185	9321
959	9322
5309	9323
9401	9324
8502	9325
7110	9326
1199	9327
939	9328
4102	9329
1963	9330
7796	9331
7358	9332
7861	9333
2912	9334
4309	9335
6622	9336
2689	9337
5497	9338
5463	9339
6218	9340
3170	9341
8573	9342
2357	9343
774	9344
2366	9345
6176	9346
3263	9347
3776	9348
468	9349
1450	9350
5580	9351
5932	9352
8413	9353
2568	9354
2794	9355
8335	9356
8651	9357
1451	9358
450	9359
1288	9360
282	9361
4078	9362
5258	9363
8248	9364
9216	9365
5307	9366
1563	9367
8856	9368
1144	9369
123	9370
577	9371
8699	9372
5961	9373
172	9374
1656	9375
8464	9376
1533	9377
3176	9378
7680	9379
385	9380
4311	9381
2102	9382
5447	9383
374	9384
8968	9385
4574	9386
6763	9387
3351	9388
976	9389
5866	9390
452	9391
9488	9392
7937	9393
9651	9394
9667	9395
1026	9396
4438	9397
2292	9398
1060	9399
7994	9400
4479	9401
5211	9402
4194	9403
5467	9404
117	9405
5692	9406
2968	9407
1792	9408
1195	9409
6661	9410
7946	9411
5465	9412
6952	9413
2329	9414
1105	9415
7792	9416
1346	9417
2250	9418
7980	9419
4826	9420
9090	9421
3699	9422
9573	9423
3436	9424
5756	9425
551	9426
4678	9427
6646	9428
3352	9429
5379	9430
3585	9431
1887	9432
422	9433
5976	9434
784	9435
3564	9436
9014	9437
379	9438
6964	9439
3849	9440
2792	9441
6387	9442
4219	9443
2574	9444
9400	9445
4648	9446
8543	9447
4263	9448
4456	9449
4453	9450
2282	9451
2245	9452
9443	9453
7185	9454
4053	9455
4991	9456
3072	9457
3251	9458
9124	9459
1679	9460
307	9461
7843	9462
925	9463
5661	9464
7932	9465
3716	9466
6378	9467
2763	9468
42	9469
6676	9470
6050	9471
9660	9472
7284	9473
2342	9474
3453	9475
6198	9476
43	9477
34	9478
3957	9479
663	9480
8610	9481
1414	9482
8082	9483
8128	9484
2349	9485
7876	9486
4326	9487
981	9488
2059	9489
8389	9490
729	9491
3076	9492
6427	9493
2504	9494
6892	9495
118	9496
5847	9497
6736	9498
6612	9499
1914	9500
1884	9501
3489	9502
6096	9503
6329	9504
7173	9505
6420	9506
8951	9507
61	9508
9563	9509
7783	9510
5528	9511
7094	9512
4107	9513
3505	9514
7503	9515
6539	9516
6003	9517
2865	9518
9343	9519
320	9520
1623	9521
2112	9522
7577	9523
8177	9524
6305	9525
8485	9526
7669	9527
6261	9528
3432	9529
933	9530
5487	9531
8834	9532
1393	9533
6295	9534
1545	9535
9264	9536
3001	9537
4061	9538
4168	9539
429	9540
6071	9541
2248	9542
430	9543
2926	9544
9617	9545
6935	9546
2460	9547
465	9548
1215	9549
3075	9550
2840	9551
5208	9552
3350	9553
9262	9554
8305	9555
3465	9556
59	9557
8997	9558
2300	9559
6079	9560
3472	9561
3649	9562
224	9563
7453	9564
2400	9565
2886	9566
4045	9567
1525	9568
5204	9569
833	9570
4000	9571
2490	9572
5992	9573
9575	9574
8512	9575
4285	9576
4702	9577
7668	9578
335	9579
4481	9580
7880	9581
712	9582
7351	9583
8363	9584
4275	9585
5346	9586
3523	9587
2208	9588
7926	9589
4022	9590
4490	9591
7846	9592
5686	9593
8072	9594
5881	9595
704	9596
5147	9597
4644	9598
9278	9599
8500	9600
3749	9601
4428	9602
5631	9603
2489	9604
7909	9605
842	9606
4199	9607
6433	9608
2214	9609
1343	9610
1129	9611
5626	9612
1192	9613
3148	9614
4316	9615
982	9616
241	9617
2153	9618
6651	9619
158	9620
4262	9621
6590	9622
7123	9623
954	9624
4278	9625
6916	9626
2199	9627
180	9628
4669	9629
3143	9630
166	9631
2108	9632
9055	9633
7151	9634
4206	9635
8810	9636
1052	9637
8093	9638
6206	9639
9151	9640
6922	9641
4691	9642
7252	9643
8373	9644
9525	9645
9642	9646
2653	9647
350	9648
9339	9649
5488	9650
7505	9651
342	9652
9299	9653
3088	9654
7616	9655
3897	9656
1786	9657
6012	9658
837	9659
6766	9660
702	9661
5378	9662
151	9663
5176	9664
9084	9665
5506	9666
1709	9667
7030	9668
9274	9669
1324	9670
1453	9671
6596	9672
4499	9673
5778	9674
839	9675
690	9676
3226	9677
4809	9678
6343	9679
2538	9680
2306	9681
5519	9682
6536	9683
3071	9684
5216	9685
3720	9686
4476	9687
1618	9688
9187	9689
7702	9690
3177	9691
8384	9692
7870	9693
8476	9694
7693	9695
4698	9696
4012	9697
7977	9698
6365	9699
7844	9700
7576	9701
8258	9702
1396	9703
7051	9704
2370	9705
8965	9706
420	9707
1413	9708
1241	9709
6307	9710
3944	9711
984	9712
3157	9713
7738	9714
8514	9715
9275	9716
8555	9717
4226	9718
2766	9719
6275	9720
1069	9721
1194	9722
6716	9723
8346	9724
5174	9725
347	9726
4687	9727
2693	9728
4334	9729
6615	9730
4676	9731
86	9732
4485	9733
4116	9734
1810	9735
1447	9736
6521	9737
5750	9738
9325	9739
2842	9740
5619	9741
9295	9742
5813	9743
4770	9744
8441	9745
2953	9746
8186	9747
2933	9748
3637	9749
2431	9750
3144	9751
2009	9752
2036	9753
4701	9754
4662	9755
1504	9756
5943	9757
6327	9758
1954	9759
2992	9760
2618	9761
37	9762
8841	9763
3113	9764
5183	9765
4150	9766
2718	9767
9561	9768
6041	9769
4238	9770
8612	9771
2376	9772
68	9773
8599	9774
63	9775
1467	9776
947	9777
9046	9778
127	9779
5462	9780
1769	9781
2465	9782
566	9783
388	9784
5435	9785
5354	9786
2016	9787
7512	9788
2697	9789
8874	9790
7018	9791
3245	9792
2242	9793
6302	9794
4632	9795
4805	9796
9607	9797
2736	9798
8703	9799
1250	9800
4397	9801
5880	9802
7189	9803
3598	9804
2678	9805
5906	9806
2714	9807
7074	9808
9139	9809
3094	9810
6265	9811
1687	9812
812	9813
5137	9814
449	9815
7723	9816
5074	9817
686	9818
4055	9819
68	9820
9135	9821
4546	9822
5092	9823
5740	9824
7349	9825
4827	9826
6800	9827
4302	9828
2672	9829
8768	9830
5282	9831
8776	9832
6902	9833
5496	9834
3225	9835
8553	9836
4375	9837
176	9838
4164	9839
5719	9840
40	9841
8475	9842
9649	9843
228	9844
1488	9845
140	9846
5473	9847
8314	9848
3748	9849
7749	9850
7787	9851
5657	9852
5916	9853
250	9854
5256	9855
9204	9856
7516	9857
9409	9858
1045	9859
7192	9860
4082	9861
3683	9862
8913	9863
4185	9864
4221	9865
5082	9866
239	9867
7692	9868
3757	9869
941	9870
5425	9871
2952	9872
2424	9873
2755	9874
2931	9875
1938	9876
2387	9877
3462	9878
5995	9879
3653	9880
2884	9881
578	9882
2944	9883
3863	9884
7364	9885
3752	9886
1735	9887
3336	9888
2158	9889
3726	9890
6496	9891
5905	9892
1461	9893
1353	9894
922	9895
7396	9896
1751	9897
4011	9898
661	9899
3813	9900
2748	9901
9123	9902
3057	9903
7860	9904
549	9905
1201	9906
6637	9907
919	9908
979	9909
3003	9910
6944	9911
2735	9912
1763	9913
9197	9914
4871	9915
8605	9916
7038	9917
3457	9918
1771	9919
4050	9920
8801	9921
9542	9922
395	9923
39	9924
2945	9925
1325	9926
5596	9927
2772	9928
8723	9929
2546	9930
9097	9931
4200	9932
6670	9933
2200	9934
612	9935
6470	9936
2224	9937
166	9938
3621	9939
2298	9940
7439	9941
5863	9942
6298	9943
8300	9944
8239	9945
4335	9946
9178	9947
1952	9948
1021	9949
4704	9950
1627	9951
6494	9952
4188	9953
3659	9954
9332	9955
4295	9956
7869	9957
8298	9958
7903	9959
2163	9960
8681	9961
3310	9962
8067	9963
9038	9964
5801	9965
9583	9966
6091	9967
3297	9968
67	9969
8910	9970
9114	9971
9669	9972
316	9973
821	9974
5409	9975
9134	9976
5323	9977
2076	9978
561	9979
6753	9980
6728	9981
432	9982
2579	9983
5019	9984
3557	9985
1095	9986
9176	9987
6761	9988
4292	9989
6608	9990
2848	9991
1220	9992
6291	9993
6955	9994
8698	9995
6132	9996
1056	9997
2367	9998
1204	9999
1853	10000
