163	979	13	174.54
121	7251	3	36.06
2407	111	4	34.47
1379	102	5	24.14
104	840	4	15.44
205	8	3	4.49
107	2807	6	54.94
105	433	3	6.06
186	108	4	8.72
6609	105	3	25.27
390	145	22	251.39
1756	110	5	41.58
1254	105	7	42.83
102	3073	3	16.78
559	101	4	6.57
101	3866	4	27.45
810	1050	4	56.27
101	3798	3	13.99
412	618	3	32.51
107	1280	4	21.51
101	1252	8	39.89
555	102	4	9.81
2953	105	4	26.12
12	3200	3	11.3
322	278	8	85.95
113	288	3	11.33
3146	817	4	68.53
103	5330	3	25.08
849	101	3	5.66
456	101	9	25.86
173	275	3	20.62
101	544	10	35.03
101	2338	3	11.29
101	4180	3	16.15
108	12	68	6.25
106	2710	3	18.51
126	413	3	17.09
106	349	3	6.05
106	417	3	7.18
121	2004	5	49.55
104	2891	5	36.62
4827	101	3	16.15
734	108	10	74.27
1577	14	4	9.08
1591	105	6	37.21
253	101	6	5.86
1304	101	4	12.7
177	219	5	37.25
101	3442	5	34.31
115	156	4	10.41
209	142	4	22.19
1524	328	3	36.53
103	1256	3	11.86
17	117	4	11.48
105	877	3	10.22
12	4817	4	23.75
239	12	46	196.87
104	195	8	17
347	109	4	15.44
2510	104	3	15.75
136	121	4	9.45
121	1797	3	24.63
107	927	3	12.7
101	786	3	5.35
101	6793	3	20.58
107	1063	4	20.07
144	1308	3	27.01
85	1343	4	30.4
104	232	7	15.37
104	284	37	249.25
101	2641	4	19.94
114	182	3	8.1
1339	145	3	27.86
1649	108	4	27.85
104	1563	7	46.67
1428	105	6	35.55
135	313	3	17.04
101	2064	3	10.33
112	1000	3	18.79
103	324	5	11.64
5465	103	3	25.08
427	200	3	25.13
831	276	3	31.9
111	4010	3	28.51
108	320	4	13.53
101	2235	7	48.04
2594	817	3	46.63
1336	4011	4	77.67
105	128	21	37.14
105	193	6	9.77
4505	287	3	43.47
105	329	10	37.64
439	121	3	16.29
101	455	8	21.01
3688	101	4	22.51
2	14	43	13.45
104	2267	4	24.12
102	358	7	18.58
12	3183	3	11.3
783	156	7	74.76
1005	9	4	22.86
2258	1903	4	71.44
151	104	6	4.31
2480	101	5	26.07
2237	14	6	26.98
607	101	4	7.14
131	237	4	22.12
107	351	12	60.28
1110	1693	3	45.29
298	469	3	28.61
1175	108	5	33.99
131	108	6	7.89
104	2522	5	33.68
104	2470	6	44.68
295	114	5	24.25
3671	12	4	18.86
158	183	3	16.42
390	102	3	3.99
101	2939	5	28.97
1080	108	3	16.2
1788	106	3	15.44
111	1014	8	68.98
351	1987	3	38.59
3039	14	3	8.38
161	104	7	8.75
620	2779	5	83.39
206	794	3	29.15
3953	281	3	43.35
12	2546	3	8.68
169	415	3	23
334	14	9	9.08
127	2930	3	29.19
101	406	21	96.25
954	14	4	5.83
1120	14	5	10.92
3352	14	3	9.83
6007	103	3	25.08
583	233	8	92.49
133	317	12	103.9
1926	3211	5	102.29
124	1417	5	46.68
118	119	7	13.73
3609	103	3	18.41
839	101	6	19.82
615	5510	3	52.98
112	230	3	9.52
104	3311	3	18.52
1705	14	3	5.65
397	278	8	90.31
150	524	8	77.2
106	1547	5	30.85
625	154	3	24.38
6952	12	3	17.82
101	1995	3	10.33
12	411	28	132.08
103	1147	3	11.34
121	1796	4	35.75
425	891	3	35.06
167	120	5	19.4
101	2561	5	26.07
113	835	4	26.63
1929	431	4	56.62
111	502	3	14.13
2044	313	5	70.44
101	1679	4	15.41
560	123	4	26.98
244	131	5	30.26
427	321	4	40.55
2756	105	6	50.55
1453	14	3	5.03
103	286	15	64.79
562	108	8	49.22
1897	12	3	7.76
108	122	13	24.54
122	2	5	9.66
114	2951	4	37.52
12	6519	3	17.82
101	2460	5	26.07
148	4194	3	36.53
267	142	3	17.03
1169	12	4	8.65
1057	12	4	8.06
814	108	6	38.31
263	205	3	22.13
571	14	11	27.36
266	372	4	37.65
2447	105	3	15.83
1315	108	4	25.82
112	128	54	344.33
113	6099	3	33.81
131	1405	3	26.11
110	420	3	12.32
119	3605	3	28.74
2227	1461	6	114.06
537	396	3	31.38
106	805	3	10.88
101	306	24	99.81
1568	715	5	76.52
892	14	4	5.37
439	262	5	51.46
101	4721	3	16.15
268	14	54	293.48
103	1966	3	14.65
101	409	9	23.57
1472	12	4	10.93
172	113	3	7.29
159	115	38	281.7
101	1179	5	18.47
159	281	4	28.75
107	1410	6	39.88
141	108	6	9.55
449	320	9	109.78
272	925	3	32.73
1279	14	5	11.81
101	1068	7	29.09
343	189	4	33.07
103	1452	3	13.08
104	400	3	5.54
121	2546	3	26.52
190	2008	3	34.18
101	1625	7	36.02
115	2732	4	37.63
325	14	13	20.88
3966	293	4	64.21
977	14	4	5.83
2409	101	3	11.29
2318	14	3	7.28
4799	105	4	33.7
106	1382	7	48.12
676	102	3	6.94
695	12	5	8.33
4479	113	4	45.09
382	2839	5	77.88
328	133	3	17.25
126	119	6	14.15
104	211	6	10.53
1880	108	4	29.11
149	152	4	18.56
441	101	6	12
3795	14	5	27.15
6476	105	3	25.27
101	3044	4	19.94
4102	101	3	16.15
104	2503	3	15.75
1211	12	3	5.27
107	536	8	41.53
120	663	3	18.39
6447	105	3	25.27
1212	448	3	37.39
127	1292	10	114.44
770	108	6	37.48
916	101	3	6
503	14	5	4.02
103	4653	3	20.61
2587	242	4	54.53
2069	101	3	10.33
583	1236	3	38.95
1950	12	3	7.76
101	1184	3	7.68
101	1117	6	23.69
110	158	11	45.6
608	696	4	50.01
824	5257	3	54.95
148	111	3	4.51
101	348	37	223.8
1370	5983	3	57.9
107	331	4	10.64
107	130	102	607.35
278	186	4	31.39
479	108	9	54.73
105	103	108	109.85
384	14	7	5.95
119	691	4	26.93
105	298	3	3.98
1373	14	4	8.26
141	142	4	15.24
110	148	6	14.99
159	134	3	11.39
110	402	3	11.98
107	1205	3	14.15
106	2123	4	24.68
178	233	4	28.57
2568	108	3	21.83
290	136	4	24.69
181	767	11	137.77
6303	113	3	33.81
1066	12	3	4.43
4043	12	3	13.42
103	3521	5	41.81
4806	106	3	22.28
1355	117	3	22.12
6945	14	3	16.29
7233	103	3	25.08
491	106	5	18.49
1495	4229	4	78.63
104	248	4	5.79
508	125	3	18.28
283	3839	3	43.35
113	4288	3	29.32
1714	12	3	6.99
107	1047	9	64.28
101	829	14	80.45
1259	113	8	74.98
103	527	3	6.98
500	102	4	9.25
12	1266	3	5.27
129	248	4	21.49
2365	105	6	44.84
862	108	5	30.46
2607	103	6	50.17
1327	105	3	12.62
1955	105	4	22.73
4867	105	4	33.7
731	12	4	5.42
103	188	16	52.98
107	2012	4	25.61
343	119	4	20.88
1502	313	4	51.27
749	594	7	99.34
643	101	3	4.31
249	1355	3	34.08
12	1241	3	5.27
111	229	3	8.86
448	12	5	4.8
111	177	3	7
119	1173	6	53.05
934	14	4	5.83
992	637	3	37.97
113	7114	3	33.81
114	291	3	11.49
3506	664	3	46.54
5473	105	3	25.27
106	208	4	5.84
111	1502	3	20.84
104	2994	3	16.97
4554	995	3	51.28
107	926	5	26.89
107	1002	3	13.14
106	403	6	21.78
117	119	5	6.86
101	954	3	6.36
386	751	4	46.96
3054	108	3	23.41
226	123	3	12.41
738	5334	3	54.22
430	101	11	34.93
126	1162	7	69.53
419	7309	3	50.5
1148	14	5	10.92
111	366	9	56.68
1813	142	4	41.11
101	1663	7	38.63
662	14	7	12.54
101	1362	9	51.47
12	1960	3	7.76
3188	103	3	18.41
3412	14	3	9.83
107	309	8	30.83
101	390	7	14.11
1444	108	3	17.99
917	103	4	15.82
229	267	3	22.98
106	911	5	24.98
3216	308	4	59.55
114	1056	8	71.28
127	297	4	22.31
198	1837	4	47.86
113	137	5	10.65
109	111	9	6.4
12	2275	3	8.68
788	9	4	20.6
169	121	4	14.45
101	185	8	6.54
2785	789	4	65.38
3713	14	3	9.83
1481	14	4	9.08
106	837	3	11.24
107	1174	3	14.15
265	106	5	12.25
134	354	4	26.18
3691	105	4	28.73
183	1598	3	32.28
8	273	3	6.44
359	9	4	13.98
517	1138	3	37.91
2110	786	3	43.99
3761	105	3	18.6
665	108	6	35.31
1767	105	4	21.48
1147	101	3	7.2
825	14	5	8.2
587	200	3	27.14
181	617	10	117.16
101	3865	3	16.15
108	1005	3	15.71
2540	14	3	7.28
2979	3801	3	55.74
106	609	3	9.16
12	1104	3	4.82
101	290	9	17.32
133	2925	3	30.86
101	222	7	6.52
1085	12	5	13.21
928	136	4	35.07
396	1107	3	35.93
105	175	5	5.33
1554	105	10	84.28
210	110	4	12.34
112	518	4	22.48
101	1315	5	19.55
101	1136	4	11.99
123	277	3	14.17
147	1266	3	27.55
1730	3317	3	52.6
280	190	3	21.88
101	1708	6	29.91
111	533	3	14.36
101	1057	6	22.58
1867	103	6	38.8
745	103	16	117.37
101	885	6	20.66
101	937	6	21.57
207	1137	4	44.49
142	1082	5	49.55
163	201	3	17.35
12	138	198	1113.9
106	492	4	12.99
186	1007	3	30.09
114	391	4	20.03
104	445	5	15.07
114	272	4	17.13
104	190	5	6.29
3215	109	3	24.36
353	384	3	28.35
2601	3998	4	84.45
168	2284	3	33.76
101	804	7	24.7
12	444	5	4.8
2215	14	3	7.28
144	4928	3	35.98
742	767	8	121.36
317	2066	3	37.9
103	4785	3	20.61
115	171	6	22.6
209	200	4	28.95
453	2618	3	42.76
3242	242	5	77.78
192	345	7	66.96
1343	648	4	56.81
104	1416	3	12.54
1927	1018	8	153.96
1100	104	8	50.03
3974	115	3	29.44
101	814	5	14.5
129	3784	3	31.38
124	3312	5	61.82
12	394	34	181.54
121	1629	4	34.66
3656	106	3	20.07
114	214	8	39.9
440	106	23	167.57
104	264	6	13.97
267	321	3	25.47
4887	105	4	33.7
1796	106	4	23.43
126	474	5	35.49
2803	12	4	16.33
324	272	8	86.01
106	366	5	15.27
12	257	55	309.86
111	403	6	33.83
2378	178	3	34.6
6015	103	3	25.08
2303	14	4	12.57
1112	14	4	6.9
4689	14	3	11.93
336	194	4	33.36
192	302	3	22.39
1099	145	6	63.64
863	337	9	126.09
3319	157	3	35.76
102	390	4	7.24
215	1603	3	33.47
8	359	3	7.96
421	287	16	213.53
8	411	3	8.71
101	3934	3	16.15
849	113	3	18.06
113	243	3	10.03
101	2652	3	12.46
105	161	8	11.86
142	388	3	19.17
190	219	7	58.93
101	423	10	29.01
431	1775	6	90.52
242	101	38	176.25
1713	14	9	48.88
659	14	5	5.9
530	105	20	137.95
3113	103	3	18.41
363	339	3	27.6
103	1750	6	38.8
107	535	6	27.26
272	106	3	4.86
616	340	3	31.09
12	4286	3	13.42
101	2907	4	19.94
150	1716	3	29.7
302	283	4	36.2
540	115	6	39.95
484	104	3	6.69
155	222	28	304.52
138	197	6	36.44
7186	105	3	25.27
366	14	7	5.43
121	412	3	15.74
104	3214	5	41.99
12	1675	3	6.99
2526	105	5	33.81
8	203	75	689.02
101	3830	3	16.15
101	1592	3	8.83
2779	382	5	77.88
466	109	3	11.87
943	12	3	4.07
402	966	6	80.64
4188	612	3	48.21
1388	14	9	38.72
118	117	5	6.43
262	698	4	43.26
113	143	4	8.05
117	758	4	27.16
107	283	14	68.46
101	472	12	43.16
3425	4209	4	87.08
102	425	3	4.4
101	1284	12	82.36
337	418	4	40.67
107	1564	3	15.39
110	149	31	180.96
697	9	3	12.93
449	108	8	45.23
1	58	5	49.88
250	117	3	11.48
1007	764	3	39.67
3009	105	4	26.12
103	339	4	7.87
1409	362	3	36.59
105	2046	3	14.84
1489	16	3	25
12	3045	4	16.33
311	574	3	30.14
148	2510	5	60.07
113	726	3	17.02
643	12	5	7.9
12	166	89	415.14
101	1024	7	29.09
127	2483	3	27.95
101	904	9	40.29
1587	103	5	28.1
107	1048	4	20.07
107	944	5	26.89
1980	14	3	6.39
101	769	3	5.35
1016	139	3	25.12
104	163	5	3.9
104	1369	3	12.54
3586	12	3	11.3
6844	105	3	25.27
1951	14	6	23.86
900	14	5	8.78
406	1551	3	37.93
102	632	3	6.43
108	13	6	12.4
1786	12	3	6.99
109	920	4	23.57
4644	108	3	25.62
101	901	4	10.24
2395	103	4	23.97
2521	106	5	36.27
562	136	4	30.51
1645	103	3	13.08
289	14	12	14.86
155	4425	3	37.7
419	1298	4	52.18
123	115	6	10.64
3315	889	3	48.62
1382	12	3	5.77
149	5972	3	41.14
129	294	6	39.73
293	104	3	3.92
103	393	6	18.32
103	513	3	6.98
1144	105	7	41.22
1879	108	3	19.59
101	784	7	24.7
925	108	7	49.66
4667	14	4	21.72
1097	105	13	109.58
104	218	6	11.08
104	119	12	4.73
4915	104	3	20.73
131	12	20	5.57
121	1298	4	32.85
1032	12	5	12.39
2108	106	3	16.29
108	917	3	14.84
2452	105	5	33.81
151	157	3	13.28
940	368	10	147.81
1001	12	4	7.52
107	1513	5	32.02
101	1287	8	39.89
103	831	4	15.29
299	487	4	41.13
348	14	21	58.71
168	148	3	13.78
105	134	23	53.38
109	412	3	10.95
750	14	7	14.65
1730	104	3	13.92
111	3452	3	26.28
1802	14	6	21.54
5021	14	4	21.72
6013	14	3	16.29
3018	117	4	39
425	105	9	37.29
103	2087	5	31.31
3634	6992	3	64.06
3099	610	3	45.98
2797	276	3	39.42
131	395	16	158.3
1164	101	5	17.51
1387	105	10	77.6
102	515	3	5.57
738	3128	3	47.49
1363	1011	4	60.92
6502	12	3	17.82
115	604	3	16
1633	14	3	5.03
597	14	5	5.19
16	2	12	45.21
106	746	3	10.55
3219	101	3	13.99
12	4241	3	13.42
142	3065	3	33.35
205	102	9	17.32
1636	521	3	39.74
2021	12	3	7.76
109	256	3	8.07
1081	102	4	15.56
721	703	3	36.98
3446	12	3	11.3
107	974	4	19.45
12	443	5	4.8
142	724	4	33.48
4958	101	3	16.15
1465	101	4	14.38
285	4306	4	64.05
347	101	5	6.08
175	6730	3	43.9
101	3291	5	34.31
12	4106	3	13.42
124	793	15	169.75
2963	126	3	29.13
121	7214	3	36.06
202	1282	7	89.73
125	139	3	6.89
2749	12	3	9.81
1725	101	3	9.52
101	990	3	6.36
142	1081	5	49.55
12	188	18	25.48
12	139	80	219.19
2032	104	3	14.76
1106	977	3	41.74
107	1416	3	14.74
1752	106	6	42.13
173	200	7	54.64
471	559	3	32.7
101	363	17	63.65
105	229	5	8.16
105	281	5	10.61
12	2384	7	41.57
127	583	19	211.06
1512	12	3	6.34
229	537	4	39.24
602	289	5	55.61
142	327	3	18.14
568	110	3	14.19
2903	105	3	17.04
101	288	20	71.02
478	314	3	29.2
1425	101	3	8.22
290	108	12	65.94
3987	105	4	33.7
141	364	3	18.83
155	109	11	39.81
101	3867	4	27.45
407	1036	5	65.62
58	12	14	5.4
310	401	3	27.85
115	110	10	13.82
1308	103	8	51.75
129	131	3	7.05
147	110	3	4
2879	105	5	36.75
396	330	5	52.19
1704	14	3	5.65
2892	14	3	8.38
1064	1426	3	43.35
101	618	8	26.17
101	738	4	8.88
1233	12	4	9.32
104	2943	4	26.02
117	195	4	15.12
12	273	10	12.59
2128	101	5	23.92
114	377	3	13.11
776	14	18	97.77
2742	14	4	14.36
497	108	10	64.18
371	14	9	10.85
123	134	4	10.3
231	110	6	24.5
3288	101	4	22.51
139	101	12	3.92
150	2965	4	47.25
685	104	3	8.51
104	1204	9	62.2
209	424	4	36.04
5017	105	4	33.7
2558	833	4	63.98
106	517	17	116.38
1262	106	6	37.02
2680	14	3	8.38
12	112	446	2204.77
3603	105	5	42.13
101	888	5	15.16
101	1100	8	37.91
104	436	26	184.72
12	2730	4	16.33
147	153	8	48.84
4209	124	4	49.44
2165	1965	3	49.62
574	14	22	101.56
2141	103	7	52.54
2813	105	3	17.04
101	785	14	77.29
956	101	3	6.36
1238	103	3	11.86
3874	109	3	26.58
115	153	3	5.97
839	122	7	62.11
101	1472	9	55.33
770	136	3	23.14
101	5764	3	20.58
627	106	5	20.93
1217	14	3	4.03
3322	14	5	27.15
997	105	4	16.63
106	2500	3	17.29
124	1614	8	88.99
1312	108	5	35.11
107	352	9	39.92
101	335	7	11.91
107	504	6	26.29
200	479	4	37.08
131	493	11	104.89
107	163	6	9.64
12	696	6	12.09
4841	126	3	32.94
109	345	5	21.3
479	136	7	59.88
101	6021	3	20.58
141	276	3	17.11
182	223	3	19.64
141	200	4	21.84
1944	14	3	6.39
102	357	4	6.53
124	2753	3	28.77
757	12	4	5.78
104	3498	3	18.52
104	612	4	12.57
317	302	3	25.93
225	152	3	16.95
4393	102	4	31.24
107	429	3	7.98
116	252	3	10.83
107	1243	7	47.9
101	1525	5	20.78
335	132	3	17.31
930	2215	4	65.13
665	136	3	22.14
6752	105	3	25.27
2671	106	3	18.51
2906	14	4	14.36
155	531	4	33.69
182	14	27	44.76
107	1445	3	15.39
159	128	4	15.73
134	119	4	8.63
4301	12	3	13.42
2435	12	4	14.51
2523	101	5	26.07
105	150	6	4.16
644	408	4	46.12
12	2395	3	8.68
106	4416	3	22.28
146	184	4	21.84
928	108	5	31.23
2478	14	7	38.01
12	110	64	21.59
103	1605	7	46.41
101	1089	6	23.69
107	732	3	11.22
1446	108	3	17.99
2360	12	3	8.68
104	353	6	17.31
629	9	4	18.49
9	12	204	266.52
150	344	10	91.03
2072	106	4	24.68
103	125	19	26.26
101	1680	4	15.41
5073	108	3	30.11
2531	201	3	35.73
214	644	3	28.09
103	4861	3	20.61
221	102	7	11.56
167	121	3	8.95
114	240	3	10.07
501	278	6	66.99
106	267	9	32.68
101	768	3	5.35
104	249	6	13.02
1648	108	4	27.85
101	818	12	62.09
101	1947	4	16.62
1414	9	3	16.82
266	431	5	51.31
12	1349	4	10.07
103	482	17	103.26
209	337	3	23.58
3606	14	3	9.83
162	103	9	14.74
192	412	5	46.29
1338	1922	3	47.32
1514	14	3	5.03
244	180	4	29.37
1173	102	4	15.56
101	1006	4	11.35
12	256	7	4.22
2173	101	3	10.33
2289	106	3	17.29
402	171	13	142.94
157	110	3	5.14
2802	105	6	50.55
602	499	6	77.18
4725	105	4	33.7
3694	111	3	26.28
2625	2617	3	54.16
903	104	4	15.96
101	4772	4	27.45
1739	12	3	6.99
105	236	11	34.54
104	1855	3	13.92
165	2702	5	66.25
1843	101	4	15.41
3972	105	4	33.7
101	1119	5	17.51
1062	571	3	37.9
1617	233	4	48.21
102	379	4	7.05
187	251	48	690.05
858	105	16	127.31
103	1054	3	10.87
107	1155	6	37.14
525	101	4	6.31
1352	105	6	35.55
1180	108	6	43.68
102	336	5	9.48
408	12	6	6.35
8	241	3	5.46
455	645	3	33.56
104	719	17	126.05
1306	14	3	4.03
1004	108	4	23.53
101	237	19	54.9
101	108	49	8.7
105	104	203	428.48
956	3456	4	69.69
101	2714	4	19.94
384	12	15	40.54
101	345	8	15.88
6814	105	3	25.27
101	497	8	22.71
161	252	5	37.06
1565	731	3	41.67
113	1115	3	19.83
484	102	3	5.2
124	160	111	1342.85
151	128	6	25.86
176	119	4	14.37
112	265	26	217.48
768	136	4	33.41
3708	101	3	13.99
345	103	25	151.33
102	271	4	4.87
104	4538	4	33.59
101	302	17	55.53
107	449	6	24.99
107	585	5	21.61
109	126	7	9.81
101	816	3	5.66
667	9	3	12.63
1149	102	3	9.79
1635	105	8	57.46
114	143	5	12.08
2150	101	4	16.62
5745	106	3	26.75
209	334	3	23.58
162	106	8	15.18
450	108	11	70.43
113	1695	3	22.39
227	121	3	11.62
218	615	3	28.06
767	479	6	80
135	436	5	37.44
387	925	3	34.79
810	105	5	21.24
126	432	3	17.45
157	101	34	93.15
2556	105	6	44.84
1279	12	4	9.32
5879	12	3	17.82
12	259	53	292
6811	12	3	17.82
106	451	3	7.69
12	304	20	55.6
7264	105	3	25.27
12	101	349	43.77
12	168	105	591.03
5003	14	4	21.72
101	982	8	34.63
1831	105	9	75.84
731	14	6	10.06
103	185	43	239.66
101	1795	3	9.52
1002	136	4	35.72
4846	1400	4	77.67
120	412	10	77.81
12	5733	3	17.82
262	1465	4	49.81
115	186	4	13.3
3597	104	3	18.52
995	155	3	27.21
102	802	3	7.82
113	4211	3	29.32
1714	14	5	15.33
136	106	8	8.03
106	131	13	21.75
512	381	3	30.98
364	528	3	30.66
988	12	3	4.07
101	2445	4	18.08
101	2549	3	11.29
101	213	14	27.55
110	1277	3	18.92
101	317	13	36.03
131	292	13	112.31
12	856	9	30.79
330	8	3	7.32
2269	14	3	7.28
5342	101	3	20.58
6014	103	3	25.08
540	131	3	20.45
106	2120	3	16.29
104	3299	3	18.52
607	181	3	26.29
112	119	12	30.05
102	427	3	4.54
3000	113	4	37.46
3721	225	3	39.29
351	2059	3	38.59
12	1948	6	26.85
141	214	9	65.55
2169	105	8	67.41
133	458	5	38.02
102	6036	3	23.43
1795	106	8	65.11
105	212	5	7.37
600	103	3	7.64
146	123	7	28.82
181	5558	3	44.35
847	12	4	6.57
1455	231	3	33.9
103	2131	6	41.23
2003	14	3	6.39
191	171	19	188.16
1182	108	3	16.73
104	2076	6	41.46
3717	106	5	44.6
103	2295	3	15.64
2640	12	3	9.81
133	2999	4	44.62
597	1488	3	40.49
4974	12	3	13.42
101	188	29	92.18
130	1083	3	24.33
116	190	4	13.77
1481	12	4	10.93
133	276	8	59.8
485	103	14	77.4
12	4242	3	13.42
240	108	22	139.42
105	132	14	20.01
101	4923	4	27.45
1692	106	6	42.13
1190	14	3	4.03
481	12	5	5.56
2964	126	3	29.13
101	1365	7	33.88
142	1188	5	50.57
138	358	3	18.1
2105	14	3	6.39
774	3080	5	91.61
103	4680	3	20.61
510	274	5	53.49
210	152	5	32.5
4021	5400	3	66.29
398	103	15	77.22
103	143	7	4.77
110	639	7	47.37
636	114	9	70.98
1634	14	3	5.03
289	101	7	10.13
9	85	65	252.8
126	398	5	33.54
127	758	14	153.67
12	169	96	501.5
104	2840	5	36.62
101	899	8	33.25
184	157	3	16.32
106	205	8	21.41
103	1166	10	69.68
101	782	5	13.89
107	1075	3	13.62
104	6379	3	25.19
169	627	3	25.65
12	2733	3	9.81
1266	12	4	9.32
1666	1461	4	66.26
101	3342	3	13.99
448	14	12	25.57
101	1976	5	23.92
1163	101	8	37.91
101	3353	3	13.99
2104	101	3	10.33
178	843	3	28.33
101	733	5	13.33
660	139	5	42.58
101	2531	6	35.5
119	354	3	14.2
1852	105	9	75.84
104	448	23	155.6
117	344	20	174.63
324	142	3	18.14
120	1147	3	21.82
167	2813	3	34.84
103	1441	5	26.83
785	1898	3	43.99
2366	12	4	14.51
2121	12	4	13.09
1681	174	3	32.21
641	724	6	83.05
447	101	6	12
331	108	15	94.65
210	109	3	6.55
12	5317	3	17.82
141	292	5	34.4
150	611	13	146.06
104	956	6	30.48
312	272	3	25.45
127	211	3	12.51
105	174	8	13.99
926	108	4	22.9
101	428	5	8.08
101	376	4	4.11
4931	105	3	20.8
1076	108	4	24.22
116	173	3	7.66
106	823	4	17.43
173	392	3	22.83
130	1008	7	70.19
1550	101	4	14.38
1263	105	12	101.14
107	404	5	17.4
106	2464	4	26.18
115	754	3	17.47
112	147	4	8.73
102	318	4	5.77
110	6492	3	32.34
101	1393	3	8.22
101	4586	4	27.45
114	276	13	88.18
104	194	5	6.66
104	278	4	6.84
12	380	32	157.63
1754	283	3	36.4
106	163	13	36.16
111	190	5	17.52
473	101	4	5.6
6808	2975	3	62.47
104	1549	3	13.19
2225	444	3	41.32
4742	105	3	20.8
166	124	44	399.09
101	949	5	15.87
1687	12	3	6.99
106	352	5	15.03
108	14	198	200.12
2966	105	6	50.55
998	105	11	75.43
6121	105	3	25.27
126	2346	3	27.89
12	633	4	4.5
107	145	7	9.28
101	481	4	5.82
3344	6902	3	64.06
101	2850	4	19.94
220	860	3	30.1
105	179	9	19.03
101	6126	3	20.58
102	2815	3	15.23
101	1251	4	12.7
110	120	17	48.22
4146	106	3	22.28
7130	105	3	25.27
111	780	3	16.9
101	1453	5	20.78
101	1386	3	8.22
354	5863	3	49.33
193	101	13	21.77
2296	101	4	18.08
107	1160	3	13.62
192	991	8	99.53
122	3219	3	29.72
8	290	3	6.75
392	3400	5	83.57
2050	103	5	31.31
107	569	7	34.82
101	286	8	13.41
498	108	12	82.52
1010	101	6	22.58
107	418	4	12.61
352	9	4	13.78
124	3703	3	30.35
107	1186	5	29.62
181	2494	4	49.62
103	970	3	10.44
3458	104	3	18.52
101	5886	3	20.58
1466	1330	4	64.21
3706	14	3	9.83
8	442	5	20.47
2252	101	3	11.29
2	12	35	12.41
105	280	7	19.24
367	8	3	7.96
4236	14	3	11.93
113	125	16	58.07
146	110	4	6.89
108	651	6	34.67
295	2773	5	74.96
104	4764	4	33.59
548	106	4	13.86
185	109	4	9.83
126	507	18	189.12
114	364	3	12.81
5194	167	3	43.15
321	586	3	30.54
412	453	5	56.79
2950	14	3	8.38
911	59	4	27.47
102	750	3	7.51
1151	104	8	50.03
126	208	3	12.3
206	355	17	204.77
12	483	22	99.38
107	862	3	12.29
155	1101	3	28.17
8	903	3	13.43
2629	12	3	9.81
1988	14	5	16.98
1181	108	3	16.73
213	217	5	39.61
908	14	16	86.9
1003	108	6	41.22
147	126	3	8.28
114	238	3	9.98
101	2613	4	19.94
104	5029	3	20.73
1587	106	3	14.7
1618	106	7	50.3
642	131	7	63.6
107	1754	6	43.54
120	302	3	13.48
509	12	5	5.84
107	1313	3	14.74
1153	12	3	4.82
218	142	5	30.7
3372	106	3	20.07
464	200	4	36.79
428	108	10	60.26
103	4305	3	20.61
2801	105	6	50.55
2288	106	4	26.18
4945	103	3	20.61
2396	105	5	33.81
106	643	3	9.67
334	167	10	97.38
334	12	6	4.59
101	459	13	48.24
107	296	3	5.74
241	922	4	44.18
122	4240	3	31.94
147	1040	12	153.33
148	3016	3	32.72
114	1768	3	22.44
2060	103	6	41.23
110	144	6	14.03
3332	142	3	33.35
141	240	3	15.98
59	333	8	49.35
103	2475	4	23.97
874	245	9	119.31
1579	104	4	20.31
578	6544	3	52.45
4999	105	4	33.7
101	1180	6	24.93
110	246	6	25.98
104	4220	3	20.73
405	189	8	81.55
106	881	3	11.61
1204	101	8	39.89
117	658	3	17.55
101	564	6	14.87
1472	14	3	5.03
2997	101	4	19.94
255	102	4	4.33
12	2611	3	9.81
6760	2466	3	61.23
492	104	3	6.69
113	495	3	14.7
225	111	3	8.78
616	275	3	29.94
400	2307	4	57.41
105	413	3	5.75
1445	108	3	17.99
1958	101	3	10.33
101	155	23	43.26
635	14	23	124.93
275	564	3	29.4
1794	123	3	25.46
732	108	8	54.62
341	407	5	52.73
571	12	4	3.98
121	1067	10	103.66
103	364	3	4.91
103	484	3	6.59
135	119	3	5.04
1158	105	6	32.82
104	207	5	7.05
311	108	20	137.33
126	59	7	15.51
117	583	6	42.53
101	665	4	8.11
146	4346	3	36.27
1331	1481	7	126.68
1668	618	3	41.52
107	777	6	32.27
955	2007	3	45.2
170	8	5	9.08
291	764	3	31.53
4161	105	4	33.7
3276	105	3	18.6
2040	2113	6	115.27
12	1422	3	5.77
608	101	5	11
2164	114	6	58.76
1718	101	3	9.52
325	114	4	18.44
1681	117	3	23.54
106	1325	5	29.58
103	305	3	3.93
371	12	7	8.24
231	109	3	7.13
114	592	3	15.92
101	4254	3	16.15
118	1029	4	30.14
101	1054	4	11.35
230	449	10	115.82
597	1844	6	94.82
117	194	4	15.12
12	336	20	60.71
1995	14	4	11.18
872	14	4	5.37
101	799	6	19.05
7263	103	3	25.08
117	6712	3	34.97
2468	106	4	26.18
12	591	6	10.54
119	556	4	25.08
147	109	4	5.82
12	2684	3	9.81
1796	121	3	24.63
103	6175	3	25.08
455	142	4	29.68
267	272	3	24.6
1733	12	3	6.99
494	102	7	23.52
375	103	26	168.38
160	207	48	599.03
317	3339	3	41.75
491	5945	3	51.5
155	110	3	4.91
138	216	3	14.55
101	3697	5	34.31
107	6003	3	27.46
233	426	24	337.03
102	3019	3	15.23
12	1862	8	41.34
102	256	5	7.14
4889	111	3	28.51
102	204	5	4.88
547	9	4	17.46
149	781	4	35.84
107	570	6	27.77
8	5858	3	28.65
616	321	3	30.81
104	6970	3	25.19
941	101	3	6.36
1512	14	3	5.03
1072	103	13	101.56
121	3686	4	43.09
104	894	3	10.14
105	232	7	15.53
240	320	22	285.43
2840	2067	4	73.36
105	117	21	21.15
875	145	6	60.42
2899	101	3	12.46
926	12	3	4.07
12	845	4	6.57
1669	139	4	40.52
120	1797	4	35.42
200	389	3	24.42
130	1887	3	27.77
110	121	8	12.68
1429	105	8	54.61
1560	171	4	44.65
818	14	5	8.2
946	106	4	18.53
101	4005	4	27.45
2585	14	4	14.36
110	191	14	75.36
101	1351	4	13.49
3157	3876	4	87.08
168	144	4	19.95
105	279	4	6.93
4843	12	3	13.42
101	529	16	74.05
2616	14	4	14.36
993	101	14	88.81
381	1176	5	66.99
2125	103	3	14.65
104	2333	4	24.12
101	125	97	305.09
733	108	7	45.44
236	103	4	5.08
4826	101	4	27.45
107	553	6	27.26
104	4642	3	20.73
103	1860	5	29.56
186	324	4	32.59
215	545	6	63.55
12	2218	4	14.51
101	5887	3	20.58
4819	111	3	28.51
768	108	4	21.27
102	110	28	12.16
107	1187	3	14.15
3154	101	3	13.99
101	1402	11	75.49
131	1377	4	37.59
4679	105	4	33.7
2954	105	6	50.55
819	101	3	5.66
111	119	6	6.93
101	2066	3	10.33
2617	2631	3	54.16
543	12	7	13.29
120	124	4	6.65
625	1506	3	40.76
106	263	4	8.19
12	440	11	26.36
101	712	9	34.96
1873	222	3	34.48
104	230	34	191.4
104	365	3	5
245	178	5	39.01
101	4347	3	16.15
106	572	3	8.92
2118	113	3	23.26
103	202	5	6.81
144	281	3	17.66
144	115	6	16.88
444	106	3	7.52
105	1985	3	14.84
6789	105	3	25.27
106	342	3	5.92
101	765	11	50.16
113	967	3	18.88
1590	101	4	14.38
378	334	3	27.92
3214	14	3	9.83
565	1075	3	38.4
101	5454	3	20.58
392	12	7	8.84
103	592	4	12.43
403	102	3	4.12
4447	104	4	33.59
125	306	5	30.21
103	335	4	7.87
192	152	3	15.86
9	14	443	1064.73
6956	105	3	25.27
1314	108	3	17.33
114	1178	3	20.42
5680	105	3	25.27
1012	14	4	6.34
3573	103	3	18.41
7306	103	3	25.08
4741	105	3	20.8
533	239	3	27.66
101	4224	4	27.45
12	238	36	127.63
622	102	3	6.43
107	625	5	22.06
2045	1700	3	48.75
601	12	4	4.24
101	916	13	73.98
298	185	3	21.98
107	295	20	116.62
103	1981	4	22.48
954	101	3	6.36
121	1487	5	46.29
303	101	12	30.24
103	709	5	19.77
2022	106	6	44.57
287	1025	3	33.43
3385	101	4	22.51
106	2058	3	16.29
112	117	5	4.74
4403	14	4	21.72
101	255	46	257.68
142	117	3	5.33
109	122	7	8.05
111	2044	3	22.45
399	109	3	10.79
101	240	6	5.16
107	523	3	9.12
104	658	3	8.24
3130	3969	3	59.56
141	360	4	27.5
260	239	44	661.95
176	180	5	34.54
540	118	5	33.22
1182	136	3	25.84
279	106	4	8.59
103	947	3	10.44
101	1376	3	8.22
110	161	15	72.2
159	179	3	16.21
101	1181	3	7.68
101	1333	10	61.99
108	1960	3	19.59
3101	101	3	13.99
12	3323	3	11.3
2440	59	3	24.5
3437	105	5	42.13
2898	14	3	8.38
146	198	4	22.68
1589	14	3	5.03
105	157	9	14.6
1323	101	4	13.49
617	14	9	20
105	106	110	162.29
8	1185	3	15.3
109	442	3	11.48
12	663	6	11.54
3417	109	3	24.36
101	359	5	6.47
101	563	4	6.84
101	495	7	17.43
101	2207	6	35.5
104	403	4	9.44
101	1003	6	22.58
106	550	4	13.86
199	14	42	122.7
101	1630	4	14.38
5334	101	3	20.58
85	59	7	8.22
113	3309	3	27.09
5707	114	3	33.85
838	101	5	14.5
209	391	3	24.65
9	140	7	11.64
129	403	4	25.81
748	153	4	36.35
723	16	3	20.35
834	102	3	8.16
162	104	10	18.49
101	1884	3	10.33
310	381	3	27.51
112	637	3	16.05
1079	108	5	32.98
12	1167	4	8.65
1287	14	3	4.03
111	147	11	42.35
1787	106	5	32.32
106	173	7	13.4
106	293	4	8.87
101	2462	3	11.29
126	115	6	11.54
1839	106	3	15.44
1967	14	5	16.98
4015	123	3	32.4
4837	105	3	20.8
1348	242	6	78.29
2494	130	4	41.58
399	12	5	3.95
107	450	7	31.47
190	473	5	47.72
107	586	4	15.4
412	1628	3	38.1
116	556	3	15.73
164	364	6	52.17
1185	9	3	16.23
255	8	3	5.97
765	103	3	9
2971	14	3	8.38
1484	103	10	83.63
109	1301	3	17.67
349	101	12	34.08
2455	12	5	21.53
101	1182	4	12.7
1748	12	3	6.99
101	1115	8	37.91
561	396	3	31.63
532	172	7	71.01
104	1338	8	54.4
122	1132	3	22.44
103	221	5	7.67
112	1109	13	146.36
101	934	12	67.55
107	791	8	48.73
1917	4108	3	55.71
323	883	3	33.18
1521	14	4	9.08
102	3597	4	26.28
104	570	4	12.24
101	2608	4	19.94
180	197	3	18.72
114	142	3	4.44
104	313	5	11.41
104	209	4	4.35
107	962	7	43.53
462	105	29	229.88
101	815	5	14.5
314	106	4	9.31
1765	14	5	15.33
101	755	5	13.33
101	679	4	8.11
441	14	6	5.26
101	2035	6	32.31
1340	408	3	37.25
105	3421	3	18.6
2678	833	3	46.63
101	1883	3	10.33
111	249	5	21.04
135	284	10	80.3
103	478	3	6.59
120	3020	3	27.51
8	667	3	11.73
198	279	3	22.24
104	1415	8	54.4
106	1612	4	22.35
1618	104	3	13.19
103	593	3	7.64
263	102	4	4.65
101	2050	5	23.92
2738	14	3	8.38
837	59	4	26.92
383	14	38	206.47
419	152	4	30.9
988	101	3	6.36
101	2444	5	26.07
4349	105	3	20.8
318	408	10	121.19
106	331	3	5.8
3139	3986	3	59.56
188	1594	3	32.48
101	728	11	48.56
101	652	3	4.31
101	772	14	77.29
4650	466	3	46.79
12	167	13	7.22
230	418	4	36.94
101	981	4	10.77
745	133	3	22.65
104	501	7	27.94
132	110	21	90.28
2886	105	3	17.04
103	5875	3	25.08
643	14	5	5.9
1869	8	3	17.29
769	108	5	29.1
915	101	6	20.66
3443	105	5	42.13
259	101	6	6.32
125	12	30	11.91
111	413	5	26.55
874	328	5	61.61
208	14	17	18.89
813	101	4	9.3
107	178	30	157.98
105	315	3	4.27
420	156	3	22.01
600	102	5	15.26
821	308	4	46.01
130	2575	4	43.5
1857	153	3	30.44
109	183	9	35.66
241	4573	3	42.07
457	12	6	7.81
569	130	3	20.07
118	115	10	21.45
12	2278	4	14.51
3047	14	3	8.38
137	404	4	27.53
746	175	3	27.35
5011	106	4	35.68
201	528	4	37.8
107	1128	4	20.76
3082	14	3	9.83
316	126	3	15.29
107	311	7	25.36
348	12	10	16.66
105	133	12	14.52
750	12	4	5.78
12	4650	4	23.75
118	415	3	14.83
1116	5690	3	56.75
138	357	3	18.1
1436	12	3	5.77
309	571	4	42.58
102	557	3	5.77
1001	14	5	9.43
3918	4056	4	92.09
138	109	6	10.15
104	625	5	18.45
101	339	7	11.91
7301	103	3	25.08
104	219	4	4.75
1553	105	10	84.28
2538	2412	3	51.67
328	103	9	31.34
974	130	5	44.88
4817	12	4	23.75
121	1726	3	24.63
12	373	33	163.24
174	137	3	12.55
846	139	4	34.36
101	645	3	4.31
272	640	3	30.22
101	697	5	12.8
104	3687	3	18.52
457	3352	4	63.24
121	887	7	62.33
332	111	3	11.43
211	3240	3	38.79
120	3030	3	27.51
935	125	8	78.77
156	101	41	125.38
103	4979	3	20.61
1159	103	7	40.77
666	108	7	43.74
1382	14	3	4.49
463	14	6	5.54
101	952	7	27.83
117	296	3	12.55
104	432	3	5.99
296	221	3	23.28
121	2017	3	25.5
6441	104	3	25.19
109	1022	3	16.64
108	111	11	8.43
2002	12	3	7.76
360	9	3	8.82
3198	872	3	48.62
310	314	3	26.19
266	490	4	40.17
103	423	4	9.74
266	354	3	26.07
368	104	37	290.07
1202	1259	5	80.28
101	734	3	5.06
165	1981	3	32.36
101	802	8	30.83
102	1931	3	13.05
106	309	7	23.52
441	223	3	26.05
104	5002	3	20.73
12	442	5	4.8
109	253	3	7.98
2776	12	3	9.81
173	391	4	32.88
1319	115	7	64.84
101	224	6	4.43
112	315	8	47.38
165	335	4	30.54
303	456	3	28.53
1296	104	5	25.9
1794	111	3	21.59
428	136	7	57.84
1760	2040	6	112.81
8	114	13	11.13
107	5809	3	27.46
305	14	12	15.68
1320	152	6	68.15
150	612	5	44.11
12	1919	3	7.76
173	272	4	29.88
2525	12	3	8.68
137	115	3	3.98
101	375	9	21.6
224	613	6	65.34
2166	105	6	41.62
5472	105	3	25.27
1092	4049	3	52.25
12	1265	3	5.27
101	1927	8	54.9
614	101	13	56.84
441	262	3	27.5
1298	513	3	38.46
1184	108	3	16.73
101	723	13	63.79
107	1054	5	27.71
101	655	6	16.44
117	345	5	27.61
2886	12	3	9.81
487	4068	3	47
643	102	3	6.68
12	300	10	13.91
2752	103	3	16.86
1434	101	3	8.22
887	237	3	31.05
107	799	3	11.55
2149	123	3	26.33
104	4073	4	33.59
3442	106	5	44.6
752	101	3	5.06
155	1108	3	28.17
110	153	8	26.37
102	551	4	9.81
1699	172	3	32.1
103	779	4	14.8
757	115	5	34.78
2404	14	7	38.01
835	237	3	30.65
513	1231	3	38.46
6632	1646	3	58.57
1518	14	3	5.03
600	14	7	11.37
5415	115	3	33.94
101	570	10	35.96
105	4978	3	20.8
1070	12	4	8.06
812	133	3	23
2155	12	3	7.76
1522	104	3	13.19
718	1126	3	39.84
107	362	5	16.36
3028	12	3	9.81
2857	171	3	35.23
181	1936	6	79.91
1770	14	3	5.65
101	3828	4	27.45
7196	114	3	33.85
1419	105	10	77.6
232	219	11	108.93
417	275	4	39.11
102	121	15	6.41
965	167	3	28.16
113	1111	3	19.83
186	1447	4	46.09
1326	12	3	5.77
770	9	3	13.59
3602	105	5	42.13
751	14	6	10.66
107	1215	3	14.15
4749	101	3	16.15
3823	108	3	25.62
107	1351	7	49.76
101	1366	6	26.34
1729	2006	3	48.75
1222	101	3	7.68
761	105	18	143.96
103	3296	3	18.41
1836	104	6	39.03
327	122	20	182.21
291	142	4	25.7
108	692	3	13.12
105	167	5	4.45
12	653	12	42.01
1694	14	6	21.54
3799	14	4	16.85
101	501	7	17.93
107	125	51	200.99
101	553	20	109.6
2835	14	3	8.38
101	1187	3	7.68
799	1452	3	42.36
2364	12	3	8.68
103	218	5	7.55
124	2291	6	68.46
1468	215	3	33.47
103	119	21	22.68
1556	102	3	11.5
475	1843	4	56.16
203	14	79	429.55
123	152	7	30.67
2006	14	5	16.98
129	393	5	34.34
170	14	25	30.67
108	282	5	17.89
4031	14	4	21.72
202	597	3	27.22
101	929	5	15.87
12	146	156	854.9
989	1495	4	61.23
106	364	21	132.59
12	315	6	4.05
106	227	8	23.05
229	1007	3	31.57
6745	14	3	16.29
104	214	23	102.45
1078	108	4	24.22
695	103	4	13.52
378	219	6	58.84
101	2030	3	10.33
2095	287	3	37.39
102	852	3	8.16
207	104	44	264.48
466	761	3	34.72
12	1161	4	8.65
5920	14	3	16.29
396	594	3	31.89
226	132	3	14.52
103	3675	3	18.41
1082	318	7	96.14
267	381	3	26.65
271	275	3	24.71
104	4922	4	33.59
1461	12	5	16.36
877	277	5	60.09
646	103	3	8.14
133	1817	4	39.9
4456	105	4	33.7
104	1212	4	18.56
657	101	3	4.31
113	1956	7	72.92
120	128	5	11.33
101	2077	4	16.62
2421	4372	3	56.73
130	1188	3	24.87
101	625	4	7.44
106	238	7	19.37
1615	12	3	6.34
547	14	9	17.66
106	819	7	39.64
12	957	6	16.39
3507	14	3	9.83
106	616	3	9.41
101	295	17	54.76
205	12	9	4.93
2008	167	3	32.58
279	122	4	20.61
243	142	11	88.83
101	5860	3	20.58
112	143	11	42.44
1508	14	4	9.08
102	262	4	4.54
165	131	12	79.55
488	173	5	46.14
447	105	8	32.14
331	106	3	5.8
3207	145	3	34
294	12	9	10.63
128	122	11	43.22
8	488	3	9.8
551	104	5	17.17
117	4600	4	46.63
133	368	26	290.64
127	215	14	103.99
101	4758	3	16.15
1133	103	10	69.68
3788	105	3	18.6
586	108	15	119.1
137	286	3	16.72
107	255	9	33.37
1574	108	4	26.77
107	3055	3	20.77
1864	105	9	75.84
7185	105	3	25.27
146	246	5	33.53
108	718	3	13.43
104	1055	7	39.6
107	240	13	55.53
278	102	7	15.42
106	970	4	18.53
110	197	6	22.6
1999	12	4	13.09
107	1376	3	14.74
103	722	5	19.77
8	383	19	129.32
493	108	6	30.97
2754	14	3	8.38
359	108	9	48.14
151	110	14	59.11
124	125	5	12.26
103	907	3	10.04
112	167	9	39.35
107	359	8	33.89
110	1214	4	27.92
116	137	4	7.41
142	167	8	49.71
109	157	4	7.38
274	101	7	9.69
118	110	15	35.97
3361	14	3	9.83
1537	651	3	41.05
106	321	4	9.47
1134	105	13	109.58
120	1561	3	23.63
4796	14	3	11.93
107	1003	5	27.71
986	1624	4	61.23
3637	3280	3	57.33
396	170	4	32.64
109	747	3	14.67
795	774	4	53.95
594	12	5	7.13
162	126	3	9.83
104	1571	3	13.19
101	3194	5	34.31
103	519	6	22.21
107	1630	3	15.39
110	1102	4	27.15
106	1226	3	13.47
3274	14	3	9.83
4888	105	3	20.8
708	103	8	40.35
1921	14	5	16.98
107	1884	3	16.98
101	3517	3	13.99
463	102	3	4.86
102	2196	5	30.76
108	208	10	41.59
930	3885	3	51.28
12	118	387	2074.63
106	458	10	50.72
142	1008	6	61.15
101	955	3	6.36
101	1031	3	6.76
107	666	3	10.61
104	1711	8	60.95
101	1294	8	39.89
2760	1062	3	47.93
3177	1018	5	94.63
1179	108	3	16.73
2511	101	3	11.29
857	105	3	9.85
113	278	7	38.17
101	3082	4	22.51
101	3150	3	13.99
109	300	3	9.01
101	2998	3	12.46
1236	14	3	4.03
107	498	11	63.58
323	208	3	23.22
103	1787	7	49.06
107	1182	4	21.51
2866	12	4	16.33
178	224	7	57.9
520	110	13	103.05
102	670	3	6.94
101	1911	3	10.33
124	848	3	21.29
249	142	8	60.1
1053	694	14	260.49
848	104	6	28.65
585	14	5	5.19
101	791	10	44.42
12	117	59	45.02
12	180	69	306.63
107	815	3	11.91
101	962	8	34.63
1775	14	4	10.04
107	679	6	30.12
123	122	4	7.14
106	1337	3	14.05
803	105	17	135.63
103	205	5	6.91
823	14	7	16.35
1284	106	10	78.46
2707	105	4	26.12
121	2405	4	38.54
797	59	5	35.55
713	171	5	50.2
642	493	3	33.98
107	2050	3	16.98
1325	12	3	5.77
107	728	4	16.93
107	652	4	16.13
351	238	3	24.9
106	500	4	13.27
103	1581	6	36.83
1841	14	5	15.33
157	117	3	7.38
1808	778	3	43.12
914	106	12	89.18
105	948	3	10.62
114	131	5	10.12
2807	114	6	67.74
147	106	11	21.6
117	2821	6	69.97
104	125	10	5.18
58	102	14	23.48
3686	133	3	32.45
103	413	13	63.23
126	1512	9	106
112	253	3	10.41
929	108	5	31.23
101	1382	3	8.22
16	59	26	121.07
3206	1203	3	50.57
110	548	3	13.95
125	2314	4	40.13
176	238	3	19.73
204	275	5	42.66
104	847	7	36.06
700	102	3	7.21
281	104	4	6.84
5192	4109	3	66.29
719	12	5	8.78
1637	12	3	6.34
3399	14	3	9.83
5747	105	3	25.27
853	101	10	46.05
12	1096	3	4.82
101	178	26	71.53
12	705	14	59.36
101	485	4	5.82
324	764	3	32.18
101	365	5	6.47
272	376	3	26.77
113	177	3	7.72
367	153	3	20.64
12	2487	4	14.51
1246	109	3	17.67
105	113	17	8.3
127	202	3	12.28
105	183	5	6.04
565	16	4	27.7
101	5970	3	20.58
1526	103	7	46.41
110	123	14	39.29
102	508	3	5.38
4540	105	4	33.7
3531	101	3	13.99
675	1229	11	195.04
999	661	13	227.09
12	973	6	16.39
101	311	7	11.1
380	110	6	31.84
2255	14	4	12.57
237	14	24	50.36
107	1212	3	14.15
8	352	3	7.83
1311	108	4	25.82
376	136	7	55.65
12	2110	4	13.09
1438	103	8	54.1
101	1125	3	7.2
165	519	8	82.07
12	660	4	4.79
3290	14	3	9.83
5792	105	3	25.27
1626	475	5	71.98
617	102	4	10.76
101	2855	4	19.94
101	924	9	40.29
107	645	3	10.33
107	697	3	10.9
716	445	5	62.65
451	340	3	29.19
12	250	37	142.42
101	4264	4	27.45
2837	59	4	37.76
1065	106	3	12.46
234	1279	4	46.39
606	601	3	34.63
267	397	3	26.99
108	120	7	5.5
9	210	4	9.07
113	2024	6	58.67
144	256	4	25.01
101	1769	3	9.52
2901	12	3	9.81
1700	113	6	56.22
106	1390	3	14.05
855	105	5	21.89
1483	152	5	55.53
162	101	12	11.43
342	106	3	5.92
834	14	4	4.95
103	4898	3	20.61
216	103	66	503.15
5014	105	4	33.7
1423	14	3	4.49
104	323	3	4.31
195	101	8	7.33
1245	12	3	5.27
107	952	4	19.45
688	104	3	8.51
104	156	8	10.78
108	447	3	10.58
256	12	7	4.22
180	121	3	9.99
106	337	6	19.35
103	1357	5	26.83
1854	242	9	140.62
106	269	4	8.32
357	105	35	261.4
136	101	15	7.61
4307	14	3	11.93
370	14	9	10.85
773	14	4	4.57
12	1326	8	34.94
164	2058	3	32.31
104	1436	4	19.38
221	12	9	6
9	102	66	62.29
280	111	3	10.46
262	1476	3	35.18
2893	14	3	8.38
103	131	15	21.92
194	120	3	10.48
12	1379	3	5.77
4234	14	3	11.93
5304	105	3	25.27
252	103	29	161.92
107	734	7	39.34
887	101	3	6
107	802	7	40.27
2081	12	3	7.76
104	495	11	54.46
196	756	4	40.68
282	121	5	27.43
1201	167	8	100.17
101	2363	7	48.04
102	3540	3	16.78
101	4221	3	16.15
3502	137	3	32.68
101	463	7	16.5
1531	102	3	11.5
105	253	5	9.49
590	524	3	33.88
101	2768	3	12.46
105	152	11	18.81
12	2541	4	14.51
831	658	3	37.43
179	132	4	19.32
113	207	6	25.86
2049	105	3	14.84
2264	14	4	12.57
1157	14	4	6.9
470	101	9	26.49
12	3227	3	11.3
591	12	4	4.24
134	124	4	10.51
6885	4815	3	66.29
214	391	4	35.54
2815	12	3	9.81
1498	102	3	11.5
102	177	6	5.55
103	7052	3	25.08
2143	105	8	67.41
101	2947	6	41.17
101	3127	4	22.51
1673	101	5	22.21
330	14	13	20.88
118	123	4	5.74
107	479	8	39.53
107	375	17	102.8
104	2394	5	33.68
107	497	7	33.04
101	194	54	267.62
4464	105	4	33.7
4097	14	3	11.93
223	105	67	535.73
133	266	6	40.66
101	3710	4	22.51
2293	602	3	43.15
107	1183	3	14.15
768	106	3	10.88
309	201	3	22.88
1305	105	9	62.44
214	318	5	44.55
2362	14	3	7.28
101	1219	3	7.68
159	152	3	13.66
573	1593	6	92.25
2116	109	3	20.54
105	126	12	9.58
446	482	4	44.71
634	12	8	19.37
107	302	4	9.84
3318	14	5	27.15
101	585	3	3.88
103	1990	3	14.65
104	361	3	5
409	108	14	93.84
101	2177	6	32.31
815	108	3	14.45
106	516	4	13.56
241	368	3	25.29
107	816	3	11.91
1391	104	9	65.23
101	961	10	49.86
1890	156	3	31.67
1089	12	3	4.82
85	256	4	16.06
107	1882	3	16.98
150	143	3	11.06
231	148	4	24.32
114	1249	3	20.42
2517	105	3	15.83
350	59	8	50.16
104	1386	4	19.38
3030	106	3	18.51
3780	105	5	42.13
101	3408	4	22.51
106	1592	3	14.7
2786	990	4	67.05
101	6903	3	20.58
101	640	7	21.5
937	1085	13	256.86
553	386	3	31.22
563	108	6	32.94
468	14	7	8.57
149	134	3	9.99
12	383	10	18.54
396	199	6	57.88
114	331	3	12.24
719	602	3	35.8
103	4133	4	33.44
114	1401	3	21.02
101	5276	3	20.58
361	275	5	49.64
1539	115	3	21.77
2240	12	4	14.51
162	122	3	8.92
107	1795	6	43.54
1485	14	3	5.03
102	762	3	7.51
536	108	10	66
111	185	4	12.14
894	101	3	6
2793	114	6	67.74
346	200	4	33.95
123	6449	3	36.9
276	2892	3	39.42
139	102	40	119.17
186	864	3	29.2
7259	104	3	25.19
101	2212	3	11.29
104	378	5	13.4
117	125	14	52.29
744	444	3	34.31
366	1757	3	38.03
229	737	3	29.55
215	189	27	313.62
291	200	3	22.56
551	106	17	118.41
12	2434	4	14.51
133	474	20	224.62
105	114	37	59.37
101	486	19	93.72
851	2005	6	102.19
107	317	7	25.36
103	2389	3	15.64
1121	14	7	20.89
101	4009	3	16.15
686	101	4	8.11
5712	104	3	25.19
290	9	7	29.21
102	252	4	4.23
217	1032	3	31.23
193	104	5	6.56
511	142	3	21.3
1947	124	4	38.37
106	814	3	11.24
103	1771	3	13.81
106	678	3	9.95
174	794	3	27.46
164	163	6	38.46
113	365	3	12.76
1913	14	3	6.39
922	14	4	5.37
1458	12	3	6.34
103	794	6	27.62
135	1058	4	35.6
159	183	3	16.47
102	534	4	9.53
101	1177	3	7.68
110	301	3	10.18
101	1261	4	12.7
1337	14	4	8.26
197	171	3	17.99
1176	108	5	33.99
255	14	11	9.83
104	967	4	16.53
251	104	37	234.01
1004	9	3	15.21
12	7027	3	17.82
229	561	6	64.96
2466	12	3	8.68
110	1266	3	18.92
177	1694	3	32.58
164	119	3	8.17
2874	106	3	18.51
104	662	5	18.93
354	101	5	6.27
133	248	4	22.89
359	136	5	35.53
138	132	3	8.36
127	7311	3	37.5
5240	3036	3	62.47
2061	12	3	7.76
101	3314	4	22.51
1915	103	3	14.65
188	110	6	21.77
1205	145	5	51.66
3073	103	3	18.41
2572	108	3	21.83
557	14	6	7.23
1754	108	3	18.73
106	221	14	55.76
108	551	4	18.12
108	176	3	4.54
108	121	22	59.8
212	101	11	16.92
5010	14	3	11.93
2034	103	3	14.65
1406	14	4	8.26
2	780	3	19.93
101	1838	6	29.91
1340	145	4	39.93
209	387	3	24.48
103	195	18	66.25
201	1986	3	34.7
1353	12	4	10.07
12	1430	9	43.23
101	1733	3	9.52
1542	293	5	66.51
915	106	6	32.58
139	134	9	44.99
123	101	24	14.16
8	908	7	45.09
318	145	34	415.64
2725	14	3	8.38
1869	14	4	10.04
103	1401	3	12.44
101	912	3	6
107	733	4	17.37
106	338	3	5.8
974	142	3	25.1
12	565	19	85.95
357	104	3	4.88
136	12	30	24.72
230	240	20	233.51
2482	14	3	7.28
104	155	7	7.91
104	6314	3	25.19
126	125	6	17.35
1322	103	8	54.1
2239	101	5	26.07
715	4236	3	49.38
580	251	3	28.74
7094	105	3	25.27
735	108	11	84.74
221	101	6	4.32
5697	12	3	17.82
332	121	4	21.48
111	243	3	9.28
133	1596	4	38.81
8	315	3	7.08
1934	1331	3	47.32
2199	115	4	35.72
12	5588	3	17.82
107	1316	5	30.74
101	1600	6	27.98
102	59	17	3.86
276	612	3	29.66
112	114	15	36.47
11	14	3	4.03
4034	105	3	20.8
107	428	3	7.98
107	376	10	48.36
106	851	8	48.07
2952	105	4	26.12
2235	3891	3	56.73
127	227	12	86.46
126	1101	4	33.92
106	2321	4	26.18
215	104	7	14.49
386	175	4	33.05
101	404	21	96.25
4941	105	3	20.8
872	702	3	38.44
102	433	3	4.54
771	1450	3	42.36
303	105	6	15.4
1275	14	4	7.54
106	592	4	14.51
296	263	3	24.84
1360	14	3	4.49
6680	14	3	16.29
865	14	5	8.78
8	973	3	13.84
231	132	4	21.78
115	189	8	37.7
115	132	8	23.38
108	585	3	12.3
104	302	3	4.01
106	275	3	4.86
1693	12	3	6.99
104	604	5	18
1842	113	4	32.76
101	145	28	50.34
2443	105	5	33.81
110	1348	3	19.52
4520	103	4	33.44
104	2532	4	24.12
107	1251	4	21.51
417	200	3	24.94
1268	101	3	7.68
1555	105	10	84.28
1905	103	5	31.31
929	136	3	24.34
1536	14	5	13.97
103	897	3	10.04
1132	12	3	4.82
749	1869	4	60.17
449	9	3	10.29
101	4040	4	27.45
103	2420	3	15.64
322	12	10	15.02
101	1235	4	12.7
8	2694	3	20.38
101	1160	3	7.2
1861	469	5	73.48
135	888	3	23.82
697	108	5	27.9
677	2272	6	102.4
12	605	5	7.13
101	418	4	4.79
117	831	4	28.16
152	412	4	30.66
105	101	278	378.79
2747	14	3	8.38
117	2504	3	25.43
2245	3143	3	54.5
105	304	3	4.07
3025	101	3	12.46
2608	14	3	8.38
261	1208	4	48
111	918	5	35.23
626	104	3	7.99
101	1186	3	7.68
107	1403	9	72.03
112	137	6	14.55
145	12	17	6.88
320	438	30	490.21
4141	542	3	47.7
101	1578	8	45.02
1018	12	3	4.43
101	1367	5	19.55
124	307	17	148.59
155	120	3	7.88
279	101	6	7
152	110	4	7.79
2885	14	3	8.38
105	559	5	17.3
103	1651	3	13.81
126	4584	4	49.93
320	1302	12	197.09
1292	843	7	113.98
272	240	3	23.56
109	706	4	21.59
114	211	4	14.31
104	317	4	7.53
117	573	6	42.53
102	1920	3	13.05
122	59	14	44.58
101	675	13	61.84
688	106	9	51.89
2272	14	4	12.57
106	288	14	65.86
431	101	4	4.98
106	1507	3	14.7
2010	105	6	41.62
361	142	3	18.86
129	213	3	13.08
139	115	5	11.17
244	224	3	21.96
5474	105	3	25.27
103	217	6	10.75
103	293	13	52.57
382	2	4	22.7
709	103	4	13.92
101	862	3	6
12	147	89	318.65
199	8	5	11.62
1939	105	8	67.41
12	212	22	44.92
12	264	16	32.82
119	227	7	37.63
12	3011	3	9.81
104	470	3	6.5
141	1878	3	29.47
1368	12	3	5.77
227	14	12	8.97
758	106	11	72.47
58	8	13	39.83
101	1904	6	32.31
1187	108	5	33.99
397	12	9	15.81
109	763	3	14.67
114	342	3	12.38
828	5817	3	54.95
108	567	3	12.06
104	188	6	9.18
215	959	5	57.19
453	1913	4	57.16
101	806	5	13.89
12	446	7	10.59
106	237	4	7.04
2113	8	6	48.35
101	983	4	10.77
117	339	5	27.37
181	4053	3	39.85
12	265	17	36.96
12	132	54	93.67
433	1170	4	51.67
101	2227	7	48.04
1746	12	4	11.92
101	3433	5	34.31
2770	101	3	12.46
101	1702	3	9.52
102	1082	4	15.56
346	337	3	27.29
933	103	4	16.38
5729	106	3	26.75
121	179	5	21.49
337	389	3	28.08
447	104	4	10.33
102	518	4	9.53
780	754	4	53.46
1401	104	3	12.54
1085	102	3	9.79
215	280	3	22.79
327	101	18	64.76
104	951	3	10.54
168	110	7	24.44
104	646	16	108.86
1276	106	7	46.26
104	782	4	14.95
205	101	12	19.72
101	4954	4	27.45
875	408	4	48.98
101	2915	5	28.97
1405	14	5	12.81
105	478	3	6.76
147	757	4	35.2
103	1834	4	21.23
163	912	3	27.31
960	12	3	4.07
173	387	6	54.28
1550	104	3	13.19
102	1594	5	25.39
101	6303	3	20.58
101	296	10	21.22
131	261	6	40.06
111	634	3	15.35
827	2007	3	44.36
336	1021	12	186.85
754	867	3	38.78
417	321	3	28.34
2353	101	3	11.29
3514	171	3	36.82
5407	105	3	25.27
254	233	8	77.33
112	304	5	24.24
8	331	3	7.44
701	115	3	17.15
103	4420	4	33.44
104	801	9	50.92
107	360	7	27.68
107	564	7	34.82
514	4394	3	47.46
149	1050	4	38.15
101	448	4	5.18
107	155	8	15.56
502	14	8	12.68
257	101	5	3.85
104	2274	3	15.75
821	115	5	36.07
104	884	9	53.89
104	988	8	46.68
113	344	5	25.72
12	4578	4	23.75
110	198	9	41.23
5799	106	3	26.75
2884	105	4	26.12
2203	101	3	11.29
284	182	3	21.54
376	108	14	90.97
4778	14	3	11.93
1747	371	3	38.18
103	211	7	13.93
1645	12	3	6.34
163	1583	6	72.17
101	1717	5	22.21
144	124	5	17.16
104	4702	3	20.73
106	509	10	53.14
127	2535	6	69.33
107	665	5	23.05
2009	14	3	6.39
3995	14	3	11.93
147	467	3	21.58
2957	105	6	50.55
114	217	5	20.46
1779	106	5	32.32
114	173	3	7.38
106	202	4	5.76
136	113	4	6.91
101	777	8	30.83
107	1004	5	27.71
122	252	3	12.98
104	5780	3	25.19
102	608	3	6.2
120	115	5	6.01
1936	14	5	16.98
104	1572	4	20.31
104	1393	3	12.54
115	212	3	9.17
12	1562	3	6.34
103	208	7	13.61
3565	206	3	38.63
1255	14	12	65.17
685	101	8	27.84
971	105	15	126.45
560	103	19	128.9
101	3513	4	22.51
3486	101	5	34.31
407	1568	5	70
6758	14	3	16.29
1378	12	6	21
117	227	17	121.39
451	424	3	30.8
12	434	18	63.03
2429	102	4	21.8
1496	102	4	18.03
2813	12	3	9.81
101	790	3	5.35
104	288	5	10.67
3383	14	3	9.83
105	7051	3	25.27
2391	106	5	36.27
1395	101	3	8.22
140	59	3	4.42
103	507	3	6.78
737	142	4	33.94
556	12	10	26.43
101	2060	5	23.92
543	102	6	19.59
120	119	5	7.97
8	268	16	87.96
372	104	7	23.06
265	101	6	6.49
3930	872	3	50.85
112	110	12	19.39
352	108	13	79.76
104	4648	3	20.73
2091	106	7	56.44
109	161	3	4.29
105	454	3	6.4
513	275	3	28.91
109	350	3	9.89
105	273	4	6.8
113	195	6	25.26
219	167	15	143.85
1974	651	6	98.49
1825	14	3	5.65
101	535	7	19
257	110	3	9.32
134	101	15	7.29
535	108	13	94.74
1486	14	3	5.03
4950	105	4	33.7
12	1971	5	19.43
109	1262	5	35.57
1128	130	3	24.33
174	1640	5	59.02
1077	136	4	36.42
104	1861	7	49.32
493	214	3	26.33
3269	106	3	20.07
387	428	3	29.71
104	888	5	22.45
12	4554	3	13.42
564	108	10	66.99
2833	104	3	16.97
774	1451	9	161.14
2653	493	3	43.18
107	472	12	69.91
101	283	17	53.26
922	101	4	10.24
816	108	10	77.5
719	14	4	3.9
1067	106	3	12.46
7365	3327	3	64.06
6375	14	3	16.29
3387	106	3	20.07
101	1564	6	27.98
4108	3315	3	59.56
103	2795	4	25.87
129	199	3	12.78
494	12	6	8.49
3411	106	5	44.6
758	103	3	9
6988	105	3	25.27
7305	103	3	25.08
3284	14	3	9.83
399	2075	3	39.56
101	6884	3	20.58
994	105	14	110.69
2122	126	4	38.85
256	139	8	59.5
220	6428	3	45.94
1841	12	4	11.92
114	382	8	51.45
1440	12	3	5.77
2839	1760	6	121.81
14	1255	6	16.77
101	1048	10	52.14
101	944	7	27.83
477	101	10	31.75
1325	14	5	12.81
2865	101	3	12.46
418	320	4	40.29
103	311	3	4.12
139	247	3	15.87
192	115	20	135.13
4940	105	4	33.7
101	823	3	5.66
1998	1559	3	47.99
135	1572	3	27.03
187	3641	3	37.96
148	2144	4	43.65
104	202	4	4.2
104	1601	4	20.31
1008	318	3	34.07
102	705	4	11.88
103	433	6	19.71
189	1555	3	32.48
183	1962	3	33.91
103	485	5	15.88
111	393	6	33.48
418	136	3	19.11
321	409	5	52.56
139	119	3	5.37
114	403	5	27.65
104	405	4	9.44
104	577	24	193.41
17	2649	3	33.8
101	865	5	15.16
117	201	4	15.41
307	108	4	13.2
12	150	22	17.87
121	2091	3	25.5
255	101	6	6.01
616	381	3	32
127	125	6	17.47
511	391	4	44.1
12	717	4	5.42
3716	104	5	41.99
103	624	9	44.91
3498	638	3	46.25
101	1175	3	7.68
727	2428	3	44.32
119	1646	5	45.28
2115	101	3	10.33
5425	595	3	52.71
618	5444	3	52.98
101	1513	5	20.78
237	12	9	7.07
165	261	7	58.32
173	401	5	43.8
107	389	5	17.13
760	14	5	7.17
104	664	5	18.93
485	276	3	28.46
2584	14	3	8.38
109	134	7	13.14
101	3053	3	13.99
817	14	6	12.01
104	2393	3	15.75
12	923	4	7.02
4955	114	4	45.15
330	12	8	9.29
8	209	5	11.96
138	121	8	29.56
299	243	6	57.04
101	1530	4	14.38
135	646	3	21.76
2944	106	3	18.51
363	1128	3	35.44
182	102	6	6.1
392	4370	4	66.74
151	373	3	20.26
2948	12	3	9.81
1108	12	8	30.72
1373	8	3	15.89
1244	101	3	7.68
12	670	5	8.33
389	136	5	36.36
301	171	5	40.44
245	108	20	123.66
108	341	3	8.75
430	117	9	66.49
2817	175	3	35.59
6180	106	3	26.75
101	2180	5	23.92
429	4230	3	46.19
233	3271	4	56.66
101	974	3	6.36
916	3531	3	48.62
106	1213	5	28.46
102	2163	3	13.05
12	3994	3	13.42
1177	108	6	43.68
155	637	3	24.42
221	14	11	6.73
509	103	5	16.24
1367	283	3	34.97
106	340	5	14.35
101	659	3	4.31
149	104	6	4.06
101	1491	7	36.02
181	2616	6	88.9
101	1416	3	8.22
692	101	6	17.03
1268	14	4	7.54
2101	123	3	26.33
779	289	6	73.41
544	451	3	32.49
326	105	45	379.96
176	188	4	26.32
1731	313	3	37.02
109	281	7	31.94
109	115	25	64.91
445	1025	4	51.23
1938	105	6	41.62
107	363	16	93.25
101	264	21	73.25
131	293	3	16.42
602	205	4	38.93
2284	105	4	24.23
12	6938	3	17.82
127	224	4	19.6
600	12	4	4.24
113	211	3	9.06
249	965	3	31.97
1665	12	4	11.92
3581	395	3	43.24
5743	105	3	25.27
794	101	3	5.35
2306	14	3	7.28
460	269	4	39.75
104	3477	4	28.62
280	101	5	4.48
629	14	8	15.78
111	2716	3	24.7
1442	108	4	26.77
3128	101	3	13.99
150	125	4	13.08
125	245	51	584.12
307	142	9	74.3
425	783	3	34.28
101	975	5	15.87
131	882	4	34.03
185	120	3	10.08
132	106	7	5.39
3209	101	3	13.99
397	1153	5	66.55
105	906	4	16.06
2232	1056	4	65.78
230	167	8	66.02
370	109	5	22.3
103	523	6	22.21
392	9	3	9.26
6442	104	3	25.19
104	1440	3	12.54
139	383	5	36.61
889	1050	3	40.8
176	849	3	28.14
249	334	5	47.33
640	108	5	26.84
1414	14	4	8.26
3375	103	3	18.41
124	4635	4	49.44
2307	101	3	11.29
12	1235	6	19.63
1922	102	5	28.59
292	12	7	5.61
2139	12	3	7.76
667	108	5	27.35
106	182	8	19.12
106	286	9	33.74
101	928	5	15.87
101	861	8	31.98
4902	101	3	16.15
107	709	3	10.9
122	435	3	16.47
104	4798	3	20.73
451	200	5	48.11
2154	101	4	16.62
12	210	29	75.35
103	1500	3	13.08
170	12	41	108.16
267	401	3	26.99
215	836	3	29.85
798	977	3	39.56
5749	106	3	26.75
12	1533	6	22.59
3297	14	3	9.83
1121	114	3	19.88
12	2106	7	35.65
110	109	48	160.53
165	507	4	34.36
101	1113	7	30.49
106	993	3	12.02
12	656	12	42.01
107	335	7	26.3
101	504	14	58.2
507	131	3	19.99
4348	101	3	16.15
2488	101	3	11.29
1662	5550	3	59.33
2657	219	4	53.55
738	4021	3	49.72
5768	318	3	48.61
12	1029	6	17.36
101	163	19	32.2
751	12	4	5.78
178	254	4	29.87
102	190	7	9.36
447	431	4	43.61
3127	14	4	16.85
4351	594	3	48.21
105	1116	4	17.92
1420	12	4	10.07
163	659	3	25.24
1155	659	3	39.22
111	1660	3	21.59
107	202	4	6.51
1401	102	3	10.86
101	549	4	6.57
101	429	10	29.66
108	672	3	13.12
4121	105	3	20.8
390	408	5	54.57
133	365	3	17.97
105	171	8	13.73
101	4761	3	16.15
1629	101	3	8.83
294	14	12	15.26
141	173	6	34.55
147	1699	4	42.37
103	760	3	9
101	1243	5	18.47
101	1311	3	8.22
331	9	5	18.74
101	1445	3	8.83
1646	12	3	6.34
645	145	12	133.29
151	152	3	12.42
701	131	5	42.56
1882	108	5	39.65
8	59	10	5.61
910	578	3	37.01
205	14	15	13.72
158	132	4	17.21
103	1836	5	29.56
1076	9	4	23.55
547	12	7	13.29
101	732	5	13.33
101	6891	3	20.58
106	1377	4	21.42
160	260	46	620.08
361	340	3	27.6
361	272	3	26.45
113	1823	4	32.76
198	153	13	111.24
115	350	4	19.1
121	2521	7	84.21
104	1211	5	25.9
1109	999	13	256.86
224	233	15	161.21
101	1061	5	16.65
2046	2543	3	50.65
127	2504	3	27.95
1031	103	4	17
235	110	4	13.39
114	387	3	13.11
2378	1376	3	48.34
2109	156	7	92.77
12	176	19	24.79
106	511	3	8.48
106	459	3	7.69
12	220	58	278.6
101	958	12	67.55
1404	14	3	4.49
108	148	8	18.9
1924	1015	3	45.66
101	2316	3	11.29
2687	105	6	50.55
12	3756	4	18.86
7328	14	3	16.29
315	106	4	9.31
103	261	40	268.54
1297	12	3	5.27
289	102	5	8.21
140	2659	6	79.87
124	2491	4	39.89
2633	287	3	39.66
165	624	8	85.16
120	179	5	21.1
594	14	8	15.08
2225	117	4	37.09
712	14	4	3.9
2075	262	3	36.81
157	388	3	21.55
2792	105	5	36.75
1663	14	5	15.33
136	181	4	19.78
107	1006	6	35.98
101	643	4	7.77
1745	12	4	11.92
118	109	14	26.76
108	914	3	14.84
107	562	4	15.07
130	1082	4	35.12
1658	437	4	55.35
142	14	45	57.95
107	1119	8	56.04
107	1178	5	29.62
1229	14	8	28.72
127	7276	3	37.5
645	102	5	16.16
151	109	5	9.52
101	4029	4	27.45
1186	108	6	43.68
101	1206	4	12.7
101	1290	3	7.68
322	3039	3	40.3
131	503	3	19.99
107	108	34	36.12
101	522	16	74.05
2	8	18	34.82
3007	104	3	16.97
101	2829	3	12.46
104	1058	10	67.38
113	316	3	11.81
12	812	8	23.84
103	2057	3	14.65
247	294	3	24.21
101	1280	3	7.68
153	115	5	14.51
460	186	3	24.94
696	103	6	25.5
335	455	7	81.65
322	14	12	17.02
4815	14	3	11.93
191	105	7	12.8
415	101	11	33.5
6530	105	3	25.27
335	276	4	36.94
101	1492	3	8.83
102	294	4	5.24
102	119	15	4.9
107	544	12	74.32
101	211	12	20.27
101	263	14	36.38
2422	12	3	8.68
710	102	5	17.17
142	124	3	7.11
830	103	3	9.67
843	101	4	9.75
644	145	14	162.2
816	136	3	23.51
592	1423	4	56.04
133	657	5	41.8
6305	104	3	25.19
1597	5033	3	54.08
8	717	3	12.03
1034	12	4	8.06
4733	12	3	13.42
392	8	3	8.4
120	157	3	8.13
2836	14	3	8.38
106	1215	3	13.47
1849	105	3	13.99
3386	205	3	38.63
2734	14	4	14.36
144	101	12	5.67
123	308	9	64.7
191	860	3	28.93
123	111	8	15.98
2212	12	3	8.68
108	331	5	19.55
865	12	5	10.98
1025	1090	3	42.2
106	453	5	17.81
762	105	18	143.96
1661	1775	3	47.88
124	3460	3	30.35
101	1080	4	11.99
2118	103	3	14.65
3984	103	4	33.44
781	14	4	4.57
512	200	5	49.62
108	117	7	4.26
5993	105	3	25.27
1368	14	4	8.26
117	215	31	262.97
101	927	4	10.77
101	1063	10	52.14
104	2760	5	36.62
106	362	3	6.3
149	1172	3	27.12
7197	114	3	33.85
1418	105	6	35.55
1804	14	4	10.04
1270	106	4	20.58
3777	105	5	42.13
300	110	3	10.18
121	2391	4	38.54
3891	14	3	11.93
604	114	4	23.66
1552	14	4	9.08
12	1159	3	4.82
356	115	10	67.92
114	314	4	18.09
109	639	3	13.48
267	325	3	25.6
103	4114	3	20.61
2047	131	3	28.41
3495	14	3	9.83
366	1577	6	85.99
104	2506	4	24.12
107	455	8	38.33
4645	178	3	39.66
2975	14	5	21.88
106	2413	3	17.29
109	128	11	25.1
105	558	4	12.03
186	218	3	19.76
109	329	4	14.89
106	3287	4	30.69
2084	105	5	31.63
145	14	49	80.25
2508	106	6	47.8
1018	14	6	14.56
112	444	9	63.4
12	2047	3	7.76
101	1114	6	23.69
535	136	5	40.18
391	106	3	6.72
1629	122	4	35.16
1815	12	3	6.99
101	4831	4	27.45
2825	3448	3	55.74
101	351	28	139.71
110	1375	4	28.76
3898	1073	3	51.74
103	2348	3	15.64
1067	104	3	10.98
4608	1280	3	52.8
104	2055	5	31.5
613	426	8	105.44
707	103	10	56.21
929	14	4	5.83
1425	106	3	14.05
8	5021	3	24.17
101	1446	4	14.38
16	173	3	10.41
2170	105	7	52.98
1222	123	3	23.44
12	1031	4	8.06
621	226	3	28.23
101	217	9	11.45
452	307	23	347.18
107	406	11	56.95
158	190	4	24.59
663	122	5	37.25
467	156	7	66.24
101	2737	3	12.46
168	109	5	12.37
105	124	14	12.97
1267	104	3	11.97
812	103	13	87.62
106	1690	3	15.44
172	105	20	68.91
122	1688	6	61.48
101	1310	6	26.34
996	59	5	37.71
3457	109	3	24.36
310	142	3	17.87
103	297	14	58.92
346	272	3	26.15
181	367	8	78.73
6474	14	3	16.29
360	108	15	98.14
1586	105	8	57.46
104	7371	3	25.19
532	105	18	117.66
657	14	5	5.9
1715	14	3	5.65
2128	106	3	16.29
389	108	14	91.89
273	101	8	12.88
12	268	10	12.28
2005	466	7	114.69
106	495	3	8.07
189	215	4	28.59
12	599	5	7.13
1863	105	3	13.99
150	1256	4	39.62
104	185	11	28.42
104	269	4	6.59
353	1217	3	35.84
103	350	3	4.67
104	1493	6	37.06
129	170	5	23.5
419	1550	3	38.28
101	3260	3	13.99
911	2	3	20.7
585	108	7	41.54
3277	106	3	20.07
189	101	9	9.02
1782	14	4	10.04
12	432	24	104.86
755	59	3	17.57
4158	106	4	35.68
426	14	9	13
107	1005	3	13.14
101	644	5	11.85
246	781	3	30.66
453	5356	3	51.08
480	115	11	86.23
12	2916	5	24.39
1082	12	3	4.82
301	156	10	91.86
103	1533	3	13.08
1680	14	3	5.65
112	1627	3	21.55
104	2786	4	26.02
125	295	6	38.05
418	108	14	94.86
3878	14	3	11.93
3081	191	5	74.72
2149	101	4	16.62
102	1012	4	14.9
8	4403	4	38.2
85	143	4	7.79
293	2711	4	56.57
1507	14	3	5.03
1563	114	3	21.69
3540	113	3	27.09
9	116	26	59.87
231	144	4	23.6
6930	14	3	16.29
1703	106	5	32.32
101	2890	3	12.46
146	300	3	18.3
107	306	7	25.06
1024	1380	3	43.35
101	385	11	31.54
154	124	45	393.5
2	9	8	7.27
121	1550	4	34.66
107	409	6	23.46
12	984	3	4.07
130	1081	8	85.09
627	101	7	20.82
1333	14	5	12.81
287	7225	3	47.97
101	5827	3	20.58
6813	105	3	25.27
464	314	3	28.99
711	515	3	35.05
4457	105	4	33.7
110	532	6	36.28
101	1410	5	19.55
103	4147	4	33.44
114	177	3	7.76
216	133	7	45.4
104	3028	4	26.02
113	2315	3	24.28
2654	155	3	33.89
224	571	3	27.7
667	136	4	32.04
113	3665	3	27.09
135	214	21	187.64
159	1019	3	28.1
115	252	3	10.61
156	9	4	5.56
1089	14	4	6.9
125	178	16	113.55
1137	14	4	6.9
567	106	20	153.66
2554	101	3	11.29
106	573	3	8.92
106	393	11	53.72
111	1240	4	28.79
120	1139	3	21.82
3400	14	5	27.15
105	4662	4	33.7
176	1737	3	32.52
132	119	3	4.93
127	613	9	80.99
101	536	5	10.23
107	5082	3	27.46
875	101	3	6
1087	219	6	74.02
634	14	5	5.53
181	7162	3	44.35
103	4689	3	20.61
4575	106	3	22.28
141	131	13	75.62
250	101	8	11.2
2094	12	3	7.76
103	6980	3	25.08
218	387	3	24.89
107	1184	3	14.15
656	139	18	218.38
107	1117	6	37.14
303	431	3	28.13
103	972	5	23.02
607	104	4	12.57
214	142	5	30.28
8	134	12	25.52
117	3441	3	28.25
101	5836	3	20.58
359	14	7	5.43
7289	105	3	25.27
2986	103	5	36.43
788	14	9	25.15
103	5707	3	25.08
101	331	7	11.91
101	130	104	387.71
101	195	32	113.34
133	296	3	16.61
299	1541	3	36.01
888	289	5	60.29
103	863	4	15.82
193	103	5	6.42
3247	12	3	11.3
559	104	3	7.29
147	2093	4	43.65
7022	126	3	37.44
3904	14	3	11.93
102	506	3	5.38
1052	106	3	12.46
103	1888	5	31.31
1272	101	3	7.68
1622	242	6	79.98
105	225	6	11.51
765	113	4	25.64
119	756	5	37.29
117	335	4	20.06
101	1047	5	16.65
2495	12	3	8.68
107	770	4	17.84
101	875	3	6
1460	103	9	68.79
104	531	19	127.12
3959	14	3	11.93
2472	106	3	17.29
104	379	3	5.26
2359	105	7	58.98
4617	105	3	20.8
1230	2747	3	48.98
101	2012	4	16.62
1859	12	3	6.99
103	355	14	65.29
890	105	16	134.88
1006	108	6	41.22
103	4895	4	33.44
909	14	4	5.37
784	1514	7	117.04
117	4918	3	30.47
2925	2984	3	54.16
2757	102	3	15.23
258	109	3	8.27
791	102	3	7.82
924	14	6	12.78
575	101	7	19.57
3036	14	3	8.38
1493	101	3	8.83
6740	105	3	25.27
325	9	3	8.16
477	122	3	17.06
125	328	14	118.69
106	7326	3	26.75
101	926	5	15.87
134	1919	5	54.81
101	1002	4	11.35
806	102	3	7.82
12	151	149	866.54
106	427	3	7.35
492	6762	3	51.5
104	578	4	12.24
3312	59	4	40.38
101	4459	3	16.15
1107	14	5	10.92
3766	101	4	22.51
726	106	3	10.24
3347	14	3	9.83
2729	313	3	40.16
1543	12	3	6.34
103	1127	3	11.34
1328	115	3	21.1
104	5195	3	25.19
106	292	4	8.87
111	213	5	18.71
181	248	9	82.68
834	101	3	5.66
4235	14	4	21.72
104	5240	3	25.19
728	114	13	121.1
484	109	4	18.44
101	3673	4	22.51
118	137	4	8.47
141	1175	3	26.57
251	103	9	26.4
475	14	6	5.84
101	309	11	26.25
888	499	4	51.13
4949	105	4	33.7
3589	14	3	9.83
941	2780	3	47.46
105	308	4	7.48
1337	12	4	10.07
222	12	9	6
764	199	3	28.65
153	134	3	10.69
460	114	3	14.34
135	1055	7	72.28
101	1174	6	24.93
150	782	3	24.95
108	1974	6	51.27
4407	14	4	21.72
5419	6	3	62.47
464	381	3	30.31
110	319	4	16.32
134	122	5	14.22
117	1947	3	24.41
278	116	5	24.37
107	290	3	5.74
229	324	3	24.1
101	4869	4	27.45
801	14	4	4.57
312	106	3	5.46
653	118	6	44.59
3272	106	3	20.07
179	134	3	12.89
7129	105	3	25.27
104	921	3	10.14
5015	105	4	33.7
554	105	12	65.67
158	157	3	14.48
3813	1507	4	78.63
513	321	3	29.79
12	1000	9	33.9
106	697	3	10.24
107	1315	3	14.74
227	634	5	52.78
1062	12	3	4.43
126	3405	4	44.93
138	120	7	23.54
115	707	4	25.35
3035	101	3	12.46
6122	105	3	25.27
104	2098	7	52.8
1310	108	3	17.33
786	103	10	59.15
897	1609	7	119.17
8	776	18	172.11
1559	102	3	11.5
104	154	54	278.43
4775	294	3	43.6
104	306	8	25.15
715	4339	3	49.38
2122	109	4	30.38
114	312	4	18.09
12	356	35	174.48
12	568	23	122.92
189	114	3	8.35
101	660	4	7.77
107	1057	3	13.14
107	885	10	70.54
1873	103	3	13.81
122	189	3	10.72
12	235	52	239.44
980	59	3	19.1
4493	105	4	33.7
684	142	6	55.16
101	4431	3	16.15
101	2257	4	18.08
101	3583	4	22.51
103	194	8	16.74
636	103	10	52.54
110	649	4	22.42
